0 0.490032729213 0.456305044561 0.791488825672 0.786534392348 0.0797724868199 0.433185077373 0.432840257765 
0.02 0.490040528087 0.456312196123 0.791380238027 0.791737697083 0.0703626073779 0.428636519216 0.429501172169 
0.04 0.490047502972 0.456316691235 0.79129428197 0.796718864077 0.0609445116876 0.424003896185 0.426316213789 
0.06 0.490053828397 0.456318994021 0.791226784227 0.801475446754 0.0515334848924 0.419304951046 0.423278591726 
0.08 0.490059614612 0.456319535975 0.791174369268 0.806007931615 0.0421450095888 0.41455298041 0.420381777404 
0.1 0.490064958581 0.456318627758 0.791134303438 0.810314814184 0.0327906532986 0.409766296261 0.41761975219 
0.12 0.490069903151 0.456316602284 0.791104367122 0.814399198289 0.0234847279814 0.40495543268 0.414986157505 
0.14 0.490074485676 0.456313703314 0.791082744778 0.818262893597 0.0142375461471 0.400133897906 0.412475445316 
0.16 0.490078722928 0.456310164786 0.791067954172 0.821909922637 0.00506038721153 0.395311713821 0.410081846059 
0.18 0.490082628844 0.456306172214 0.791058767653 0.825344101847 -0.00403806842607 0.390499469737 0.407800161458 
0.2 0.490086204649 0.456301895436 0.791054179426 0.828570965981 -0.0130484893719 0.385704771072 0.405625098866 
0.22 0.490089457417 0.456297456222 0.791053355262 0.831595254657 -0.0219640572714 0.380936913808 0.403551707119 
0.24 0.490092390963 0.45629296159 0.791055604964 0.834422597973 -0.0307779333002 0.376203645319 0.401574979379 
0.26 0.490095002937 0.456288513942 0.791060347753 0.837059709812 -0.0394839984009 0.371509937052 0.399690408631 
0.28 0.490097304835 0.456284164994 0.791067102664 0.839511868319 -0.0480780057447 0.366864057731 0.397893316683 
0.3 0.49009929605 0.456279990062 0.79107546608 0.841786560752 -0.0565545730934 0.36226907187 0.396179360853 
0.32 0.490100984069 0.456276039106 0.79108508806 0.843890748589 -0.0649101514113 0.357728430148 0.394544607052 
0.34 0.490102382789 0.456272327728 0.791095694809 0.84583042143 -0.0731416835677 0.353248141434 0.392984659856 
0.36 0.490103501076 0.456268884829 0.791107036301 0.847612568588 -0.0812470122019 0.348830558078 0.391495974859 
0.38 0.490104351438 0.456265730674 0.791118909522 0.849244341717 -0.0892234771496 0.344477649318 0.390074823986 
0.4 0.490104947735 0.456262871285 0.791131149367 0.850732426709 -0.0970692334772 0.340191924752 0.388717579216 
0.42 0.490105304994 0.456260308292 0.79114360716 0.852083413178 -0.104783519916 0.335974969332 0.387421077025 
0.44 0.490105439888 0.456258033554 0.791156165946 0.853303382821 -0.1123660188 0.331829179547 0.386182094726 
0.46 0.490105368581 0.456256045177 0.791168720946 0.854398900537 -0.119816310694 0.327754959736 0.384997736125 
0.48 0.49010510603 0.456254336923 0.791181196134 0.855376503716 -0.127133438524 0.323752722964 0.383864950304 
0.5 0.490104669057 0.456252895868 0.791193521964 0.856242116185 -0.134317801199 0.319823119505 0.382781058807 
0.52 0.490104074181 0.456251706045 0.791205635176 0.857001274688 -0.141370908706 0.315966383044 0.381743796467 
0.54 0.490103337051 0.456250757005 0.791217501421 0.857660062542 -0.14829197232 0.312182476413 0.380750324342 
0.56 0.490102473265 0.456250027534 0.791229080536 0.858223369085 -0.155083055768 0.308471996669 0.37979852796 
0.58 0.490101497178 0.456249504907 0.791240345456 0.858696598084 -0.1617449384 0.304834335688 0.378886203401 
0.6 0.490100422368 0.456249174932 0.79125127771 0.859084888506 -0.168278503557 0.301269034358 0.378011201576 
0.62 0.490099262542 0.456249026168 0.791261853446 0.859393335555 -0.174685368359 0.297774202276 0.377171898933 
0.64 0.49009802836 0.456249034005 0.791272073248 0.859625891965 -0.180967399307 0.294351207038 0.376366168998 
0.66 0.49009673163 0.456249189802 0.791281927928 0.859787417855 -0.187125683245 0.290998215352 0.375592350069 
0.68 0.4900953832 0.456249481294 0.791291413708 0.859882312738 -0.193161714107 0.287713919834 0.374848850575 
0.7 0.490093993643 0.456249892652 0.791300530289 0.859914501091 -0.199077380753 0.284497637237 0.374134122599 
0.72 0.490092571156 0.456250411278 0.791309282114 0.859887733392 -0.20487462361 0.28134859175 0.373446709026 
0.74 0.490091124868 0.456251028519 0.791317669252 0.859806034294 -0.21055510374 0.278264556154 0.372785418798 
0.76 0.490089660486 0.456251726069 0.791325705625 0.859672315556 -0.216121116463 0.275246256533 0.372148721816 
0.78 0.490088185974 0.456252493739 0.791333396286 0.859489877817 -0.221574688626 0.272292542565 0.37153543378 
0.8 0.490086706403 0.456253326845 0.791340750305 0.859262247096 -0.226917303349 0.269401445967 0.3709444555 
0.82 0.490085227753 0.456254215363 0.791347776151 0.858992438478 -0.232150930564 0.266571756948 0.3703747217 
0.84 0.490083754958 0.456255149954 0.791354485279 0.85868323087 -0.237277497611 0.263802708706 0.369825133041 
0.86 0.490082291131 0.456256122056 0.791360888064 0.858337080737 -0.242299508112 0.261093373046 0.369294807371 
0.88 0.490080840944 0.456257127463 0.791366994716 0.857956957761 -0.247218276032 0.258441904808 0.368782814762 
0.9 0.490079407727 0.456258159275 0.791372816307 0.857545232813 -0.252035852307 0.255847288595 0.368288294343 
0.92 0.490077993718 0.456259210929 0.79137836306 0.857104100957 -0.256754525282 0.253308289554 0.367810527736 
0.94 0.490076601295 0.456260276938 0.791383647828 0.85663576275 -0.261376018779 0.250824076538 0.367348648308 
0.96 0.49007523311 0.456261352866 0.791388680012 0.856142325882 -0.265902295246 0.248393272936 0.366901988514 
0.98 0.49007389024 0.456262435035 0.791393471702 0.855625804779 -0.270335098599 0.246014802027 0.366469826651 
1.0 0.490072573897 0.456263518347 0.791398033987 0.855087912098 -0.274676453491 0.243687962551 0.366051479152 
1.02 0.490071286084 0.45626460081 0.791402374636 0.854530527445 -0.278928239498 0.241411028514 0.365646455182 
1.04 0.490070027158 0.456265678596 0.791406505561 0.853955263152 -0.283092188146 0.239183350713 0.36525408456 
1.06 0.490068798208 0.456266750155 0.791410434812 0.853363764416 -0.287170160937 0.23700339078 0.364873919329 
1.08 0.490067599246 0.456267813314 0.791414173067 0.852757656987 -0.291163617645 0.234870067037 0.364505387915 
1.1 0.490066431408 0.456268865579 0.791417727832 0.852138254051 -0.295074555323 0.232782275179 0.364148067614 
1.12 0.490065293899 0.456269902724 0.791421109818 0.851506584319 -0.298904962944 0.230739902245 0.36380139843 
1.14 0.490064186922 0.456270925365 0.791424327376 0.850864197621 -0.302656058519 0.228741494853 0.363464930881 
1.16 0.49006311061 0.456271932509 0.791427387991 0.850212299599 -0.306329500561 0.226785975715 0.36313827107 
1.18 0.490062065238 0.45627292199 0.791430297738 0.849551846862 -0.309927316971 0.224872301175 0.362821121012 
1.2 0.490061049544 0.456273893529 0.791433066213 0.848883988386 -0.313450773814 0.222999798568 0.36251300183 
1.22 0.49006006469 0.456274847093 0.791435698083 0.84820986071 -0.316901392109 0.221166917422 0.362213658648 
1.24 0.490059109242 0.456275780389 0.791438201665 0.847530187722 -0.320280897957 0.219373420129 0.361922684899 
1.26 0.490058182955 0.456276693679 0.7914405831 0.846845945839 -0.323590668195 0.217618244323 0.361639769952 
1.28 0.490057285576 0.456277586989 0.79144284735 0.84615795957 -0.326832340755 0.21590016164 0.361364703169 
1.3 0.49005641633 0.456278459314 0.791445001611 0.845466996386 -0.330007199278 0.214218807584 0.361097090716 
1.32 0.490055575132 0.456279311366 0.79144705058 0.844773955703 -0.333116490501 0.21257290908 0.360836702468 
1.34 0.490054760479 0.456280141479 0.79144900035 0.844079212122 -0.336162021368 0.210962310753 0.360583253208 
1.36 0.490053972573 0.456280951161 0.791450855336 0.8433837469 -0.339144668959 0.209385664521 0.360336498948 
1.38 0.490053210315 0.456281739824 0.791452620579 0.842688044345 -0.342065942535 0.207842430644 0.360096202284 
1.4 0.49005247332 0.456282507225 0.791454300039 0.841992586579 -0.344927332727 0.206331855704 0.359862174457 
1.42 0.490051760612 0.456283253553 0.791455899156 0.841297971795 -0.347729862904 0.204853545813 0.359634105537 
1.44 0.490051071895 0.456283979555 0.791457420534 0.840604724019 -0.350474951054 0.203406201012 0.359411914147 
1.46 0.490050406553 0.456284685298 0.791458868722 0.839913338572 -0.353163669778 0.201989392408 0.359195338767 
1.48 0.490049763923 0.45628537109 0.791460247108 0.839224281973 -0.355797222081 0.200602265924 0.358984222791 
1.5 0.490049143428 0.456286036716 0.791461559275 0.838537884912 -0.35837686361 0.199244369402 0.358778372339 
1.52 0.490048544089 0.456286682827 0.791462808765 0.83785455624 -0.36090369838 0.19791502139 0.358577616971 
1.54 0.490047965389 0.456287309856 0.791463998901 0.837174720089 -0.363378694783 0.196613644952 0.358381761312 
1.56 0.49004740671 0.456287917528 0.791465132272 0.836498557437 -0.365803219799 0.195339705433 0.358190685629 
1.58 0.490046868002 0.456288507598 0.791466210962 0.835826645412 -0.368178056672 0.194091883666 0.358004298997 
1.6 0.490046347983 0.456289079495 0.7914672388 0.835159135634 -0.370504306344 0.192870229296 0.357822374648 
1.62 0.49004584639 0.456289633693 0.791468217785 0.834496302612 -0.372783040793 0.191673975793 0.357644813226 
1.64 0.490045362423 0.456290170265 0.791469150535 0.8338383007 -0.375015375866 0.190502756995 0.357471475404 
1.66 0.490044895616 0.45629068984 0.791470039324 0.833185427507 -0.377202180792 0.189355948417 0.357302229205 
1.68 0.490044445219 0.456291192589 0.791470886694 0.832537844191 -0.379344419626 0.188233291735 0.357136916561 
1.7 0.490044010795 0.456291679541 0.791471694333 0.831895856255 -0.381442927288 0.187133911821 0.356975456598 
1.72 0.490043592192 0.456292151102 0.791472463645 0.831259657332 -0.383498672325 0.186057030245 0.356817785311 
1.74 0.490043188471 0.456292607083 0.791473197365 0.83062932987 -0.385512525481 0.185002717425 0.356663712203 
1.76 0.490042799382 0.456293048069 0.791473896472 0.83000496438 -0.387485577908 0.183970133774 0.356513219808 
1.78 0.490042424054 0.456293474595 0.791474563499 0.829386801533 -0.389418397676 0.182959099371 0.356366122061 
1.8 0.490042062316 0.456293887249 0.791475199621 0.828775012575 -0.39131179491 0.181968941073 0.356222349356 
1.82 0.490041713721 0.45629428595 0.791475805996 0.828169553104 -0.393166877852 0.180999190993 0.356081859033 
1.84 0.49004137786 0.456294671434 0.791476384326 0.827570634074 -0.394984232171 0.180049428207 0.355944525674 
1.86 0.490041054237 0.456295044035 0.791476935949 0.826978338885 -0.396764655688 0.17911919661 0.355810270253 
1.88 0.490040742483 0.456295404104 0.791477461974 0.826392705559 -0.398509007959 0.178207996288 0.355679036258 
1.9 0.490040441814 0.456295751704 0.791477964345 0.825813763146 -0.400217959402 0.177315931258 0.355550663186 
1.92 0.490040152332 0.456296087509 0.791478443314 0.82524159219 -0.401892364241 0.176442031752 0.355425170066 
1.94 0.490039873413 0.456296411948 0.791478900358 0.82467627496 -0.403532842419 0.175586033312 0.355302450756 
1.96 0.490039604771 0.456296725199 0.791479336612 0.824117862503 -0.405140046058 0.174747664422 0.355182411675 
1.98 0.490039346016 0.456297027659 0.791479752886 0.823566341654 -0.406714775194 0.173926440627 0.355065016277 
2.0 0.490039096741 0.456297319663 0.791480150358 0.82302179026 -0.408257577112 0.173122108495 0.354950164162 
2.02 0.490038856542 0.456297601545 0.791480529853 0.822484171137 -0.409769210404 0.172334305204 0.354837807574 
2.04 0.490038625372 0.456297873682 0.791480891975 0.821953553081 -0.411250272529 0.171562480144 0.354727903229 
2.06 0.490038402783 0.456298136423 0.791481237703 0.821429959689 -0.412701345804 0.170806350549 0.354620376049 
2.08 0.490038188281 0.456298389824 0.791481568029 0.820913306232 -0.414123122975 0.17006585389 0.354515144965 
2.1 0.490037981707 0.456298634317 0.791481883491 0.820403627903 -0.415516182404 0.169340490612 0.354412172087 
2.12 0.490037782902 0.456298870213 0.791482184692 0.819900937049 -0.416881094058 0.168629867564 0.354311409086 
2.14 0.490037591447 0.456299097874 0.79148247246 0.819405246846 -0.418218369524 0.167933735965 0.354212785142 
2.16 0.490037407048 0.456299317385 0.791482747375 0.818916444614 -0.419528715331 0.167251869261 0.354116260546 
2.18 0.490037229561 0.456299529111 0.791483009983 0.818434568014 -0.420812602027 0.166583876174 0.354021784717 
2.2 0.490037058634 0.456299733294 0.791483260919 0.817959569997 -0.422070590591 0.16592951783 0.353929305824 
2.22 0.490036894188 0.456299930139 0.791483500571 0.817491397525 -0.423303267596 0.165288432279 0.353838794892 
2.24 0.490036735788 0.456300119874 0.791483729662 0.817030009379 -0.424511124994 0.164660485002 0.353750184749 
2.26 0.490036583413 0.456300302894 0.791483948521 0.816575443841 -0.42569458864 0.164045210597 0.353663442554 
2.28 0.490036436653 0.456300479456 0.791484157767 0.816127660996 -0.426854133208 0.163442422727 0.353578512318 
2.3 0.490036295348 0.456300649571 0.791484357797 0.815686530157 -0.427990368723 0.16285195732 0.353495358947 
2.32 0.490036159451 0.456300813527 0.79148454892 0.815252056698 -0.4291037165 0.162273425318 0.353413949882 
2.34 0.490036028609 0.45630097159 0.791484731635 0.814824175686 -0.430194658457 0.161706621841 0.353334242618 
2.36 0.49003590264 0.456301123819 0.79148490637 0.814402796457 -0.431263686648 0.161151427118 0.353256189244 
2.38 0.490035781464 0.456301270659 0.791485073353 0.81398796329 -0.432311150211 0.160607331397 0.353179770264 
2.4 0.490035664791 0.4563014121 0.791485233128 0.813579565803 -0.433337508767 0.160074389256 0.353104918555 
2.42 0.490035552524 0.456301548394 0.791485385843 0.813177520532 -0.434343279998 0.159552189155 0.353031633367 
2.44 0.490035444484 0.456301679646 0.79148553194 0.812781782978 -0.43532882164 0.159040662686 0.352959853131 
2.46 0.490035340515 0.456301806144 0.791485671661 0.812392321712 -0.436294525822 0.158539470832 0.352889555739 
2.48 0.490035240455 0.456301928004 0.791485805295 0.812009040825 -0.437240842874 0.158048438149 0.35282071104 
2.5 0.490035144207 0.4563020454 0.79148593306 0.811631883455 -0.438168175095 0.157567278947 0.352753297218 
2.52 0.490035051531 0.456302158466 0.791486055396 0.811260807526 -0.439076823058 0.157095993226 0.352687247485 
2.54 0.490034962473 0.456302267432 0.791486172305 0.810895770029 -0.439967203108 0.156634068301 0.352622572996 
2.56 0.490034876753 0.456302372363 0.79148628418 0.810536665715 -0.440839703805 0.15618150435 0.352559224498 
2.58 0.490034794281 0.456302473468 0.79148639122 0.810183459872 -0.441694649227 0.155738049581 0.352497174608 
2.6 0.490034714928 0.456302570755 0.791486493645 0.809836013207 -0.442532489593 0.155303615206 0.352436397768 
2.62 0.490034638581 0.456302664463 0.791486591657 0.809494316014 -0.443353496491 0.154877933506 0.352376865306 
2.64 0.490034565152 0.456302754732 0.791486685423 0.809158303508 -0.444158014498 0.154460781995 0.352318555921 
2.66 0.490034494496 0.456302841638 0.791486775198 0.808827901351 -0.444946360723 0.154052094007 0.352261429065 
2.68 0.490034426513 0.456302925301 0.791486861141 0.808503026288 -0.445718885397 0.153651695467 0.352205462995 
2.7 0.490034361153 0.456303005897 0.791486943372 0.808183656967 -0.446475858535 0.153259294737 0.352150639548 
2.72 0.490034298263 0.456303083461 0.791487022081 0.80786965321 -0.447217686382 0.152874822288 0.352096937107 
2.74 0.490034237772 0.456303158125 0.791487097435 0.807560982589 -0.44794461593 0.152498112667 0.352044324045 
2.76 0.490034179576 0.45630322998 0.791487169578 0.807257551805 -0.44865698271 0.152129021659 0.351992780733 
2.78 0.490034123558 0.456303299128 0.791487238688 0.806959288112 -0.449355071283 0.151767458163 0.351942276352 
2.8 0.490034069717 0.456303365718 0.791487304822 0.806666167076 -0.450039131968 0.151413115524 0.351892800493 
2.82 0.490034017927 0.456303429844 0.791487368146 0.806378112694 -0.450709446676 0.151065893012 0.351844326391 
2.84 0.490033968131 0.456303491546 0.791487428761 0.806095025845 -0.451366339132 0.150725648305 0.351796839312 
2.86 0.490033920251 0.45630355095 0.791487486805 0.80581687209 -0.452010024702 0.150392236398 0.351750311236 
2.88 0.490033874176 0.456303608097 0.791487542386 0.805543516841 -0.452640866484 0.150065551937 0.351704732105 
2.9 0.49003382991 0.456303663124 0.791487595598 0.805274980813 -0.453258998691 0.149745377778 0.351660073389 
2.92 0.490033787327 0.456303716067 0.791487646561 0.805011137019 -0.453864755489 0.149431644652 0.351616320123 
2.94 0.490033746347 0.456303766986 0.791487695395 0.804751895913 -0.454458405578 0.149124288761 0.351573449119 
2.96 0.490033706923 0.45630381598 0.791487742172 0.804497203078 -0.455040183593 0.148823129228 0.351531446334 
2.98 0.490033669037 0.456303863145 0.791487786968 0.804247042111 -0.455610260041 0.148527984039 0.351490290277 
3.0 0.490033632614 0.456303908538 0.791487829863 0.804001320977 -0.456168910684 0.148238725039 0.351449969685 
3.02 0.490033597575 0.456303952191 0.791487870983 0.803759952337 -0.456716370813 0.14795535736 0.351410454995 
3.04 0.490033563861 0.456303994186 0.791487910395 0.803522879001 -0.457252857671 0.14767773518 0.351371731369 
3.06 0.490033531479 0.456304034603 0.791487948116 0.803290049153 -0.457778598596 0.147405612846 0.35133379698 
3.08 0.490033500338 0.456304073496 0.791487984268 0.803061411104 -0.458293769553 0.147138963929 0.351296621217 
3.1 0.490033470387 0.456304110898 0.791488018895 0.802836844191 -0.458798673276 0.14687766879 0.351260201874 
3.12 0.490033441604 0.456304146887 0.791488052059 0.802616326027 -0.459293460037 0.146621578876 0.351224519888 
3.14 0.490033413914 0.456304181492 0.79148808386 0.802399776512 -0.459778337182 0.146370690913 0.351189550177 
3.16 0.490033387293 0.456304214787 0.79148811433 0.802187145642 -0.460253499019 0.146124830277 0.351155284716 
3.18 0.490033361714 0.456304246822 0.791488143513 0.801978374144 -0.460719144036 0.145883858337 0.351121713371 
3.2 0.490033337117 0.456304277644 0.79148817149 0.8017734128 -0.461175433588 0.145647723378 0.351088813061 
3.22 0.490033313461 0.45630430727 0.791488198311 0.80157216218 -0.461622605525 0.145416374712 0.351056572152 
3.24 0.490033290715 0.456304335763 0.791488224021 0.801374579576 -0.462060822626 0.145189684434 0.351024977655 
3.26 0.490033268862 0.456304363187 0.791488248642 0.801180624778 -0.462490252459 0.14496747361 0.35099402339 
3.28 0.49003324784 0.45630438954 0.791488272249 0.800990188307 -0.462911125869 0.144749765151 0.35096369224 
3.3 0.490033227626 0.456304414888 0.79148829489 0.800803259922 -0.46332354305 0.144536455146 0.350933963142 
3.32 0.490033208201 0.456304439264 0.791488316584 0.800619760682 -0.463727715086 0.144327415597 0.3509048335 
3.34 0.490033189528 0.456304462713 0.791488337377 0.800439644061 -0.46412379227 0.144122555816 0.35087628955 
3.36 0.490033171574 0.456304485261 0.791488357311 0.800262843219 -0.464511948416 0.143921815186 0.350848318587 
3.38 0.490033154319 0.456304506941 0.791488376422 0.800089311094 -0.464892329776 0.143725108625 0.3508209075 
3.4 0.490033137731 0.456304527793 0.791488394745 0.799918996849 -0.465265086264 0.143532353411 0.350794044289 
3.42 0.49003312179 0.456304547851 0.791488412305 0.799751847416 -0.465630376312 0.143343434901 0.35076772212 
3.44 0.490033106466 0.456304567139 0.791488429143 0.799587805497 -0.465988348741 0.143158307241 0.350741926788 
3.46 0.490033091743 0.456304585694 0.791488445278 0.799426827998 -0.466339143724 0.142976853152 0.350716650831 
3.48 0.490033077581 0.45630460352 0.791488460756 0.799268826748 -0.466682944675 0.14279907573 0.35069188144 
3.5 0.490033063973 0.456304620663 0.791488475595 0.79911378502 -0.467019849034 0.142624851348 0.350667607538 
3.52 0.49003305089 0.456304637142 0.791488489828 0.798961633667 -0.467350016413 0.14245414164 0.350643818735 
3.54 0.490033038315 0.456304652993 0.791488503474 0.798812338932 -0.467673564989 0.142286836979 0.350620506822 
3.56 0.49003302623 0.456304668229 0.791488516559 0.798665837802 -0.467990644279 0.142122888486 0.350597662519 
3.58 0.490033014611 0.456304682874 0.791488529109 0.798522077863 -0.46830138642 0.141962245477 0.350575275087 
3.6 0.490033003443 0.456304696949 0.791488541146 0.79838101537 -0.468605912563 0.141804839527 0.350553334736 
3.62 0.490032992713 0.456304710492 0.791488552688 0.798242629795 -0.46890431449 0.141650564971 0.350531832041 
3.64 0.490032982398 0.456304723505 0.791488563754 0.798106832782 -0.469196773204 0.141499386037 0.350510763364 
3.66 0.490032972488 0.456304736023 0.791488574367 0.797973617468 -0.469483352213 0.141351220264 0.350490114481 
3.68 0.490032962962 0.456304748048 0.791488584549 0.797842905159 -0.469764210321 0.141206055861 0.350469877703 
3.7 0.490032953803 0.456304759599 0.791488594315 0.797714643331 -0.470039476269 0.141063825611 0.350450047322 
3.72 0.490032945009 0.456304770721 0.791488603674 0.797588838668 -0.470309203079 0.140924381782 0.350430615887 
3.74 0.490032936557 0.456304781405 0.791488612651 0.797465406713 -0.470573548701 0.140787744347 0.350411574295 
3.76 0.490032928433 0.456304791676 0.791488621263 0.79734432001 -0.47083260006 0.140653846965 0.350392912889 
3.78 0.490032920626 0.456304801547 0.791488629525 0.797225531704 -0.471086468547 0.140522645119 0.350374623738 
3.8 0.490032913122 0.456304811038 0.791488637451 0.797109007304 -0.471335251262 0.140394066906 0.350356700193 
3.82 0.490032905913 0.456304820157 0.791488645052 0.796994695032 -0.47157906628 0.140268063448 0.350339136716 
3.84 0.490032898988 0.456304828926 0.791488652339 0.796882564577 -0.471818002907 0.14014456101 0.35032192684 
3.86 0.490032892326 0.456304837353 0.791488659337 0.796772571561 -0.472052154859 0.140023565805 0.350305057515 
3.88 0.490032885925 0.456304845451 0.79148866605 0.796664676647 -0.47228162428 0.139905001376 0.350288525275 
3.9 0.490032879775 0.456304853238 0.791488672489 0.79655885078 -0.472506494822 0.139788800706 0.35027232376 
3.92 0.490032873867 0.456304860721 0.791488678664 0.796455046433 -0.472726872787 0.139674920916 0.350256447797 
3.94 0.490032868193 0.456304867917 0.791488684585 0.796353242471 -0.472942827668 0.139563297666 0.350240889828 
3.96 0.490032862736 0.456304874827 0.791488690272 0.796253378942 -0.473154470539 0.139453950997 0.350225640242 
3.98 0.490032857495 0.456304881471 0.791488695723 0.796155431171 -0.473361885677 0.139346764015 0.350210699385 
4.0 0.490032852459 0.456304887859 0.791488700953 0.796059374166 -0.473565137278 0.139241717468 0.350196056051 
4.02 0.490032847616 0.456304893994 0.791488705976 0.795965152807 -0.473764331539 0.139138809328 0.350181703429 
4.04 0.490032842963 0.45630489989 0.791488710792 0.795872738965 -0.473959550093 0.139037952215 0.350167639984 
4.06 0.490032838497 0.456304905559 0.79148871541 0.795782113604 -0.474150853924 0.138939088956 0.35015385897 
4.08 0.490032834203 0.456304911005 0.791488719844 0.795693230229 -0.474338333103 0.13884222306 0.350140352162 
4.1 0.490032830079 0.45630491624 0.791488724098 0.795606067663 -0.474522052947 0.138747286664 0.350127115213 
4.12 0.490032826117 0.456304921272 0.791488728177 0.795520586682 -0.474702101019 0.138654235428 0.350114144888 
4.14 0.490032822308 0.456304926105 0.791488732092 0.795436746948 -0.474878559232 0.138563058613 0.350101434408 
4.16 0.490032818648 0.45630493075 0.791488735851 0.795354529926 -0.475051482017 0.138473714395 0.350088976664 
4.18 0.490032815131 0.456304935213 0.791488739459 0.795273902388 -0.475220944276 0.138386168192 0.350076766947 
4.2 0.490032811753 0.456304939504 0.791488742918 0.795194837677 -0.475387016819 0.138300353678 0.350064803351 
4.22 0.490032808506 0.456304943625 0.791488746241 0.795117304343 -0.475549761598 0.138216282242 0.350053075835 
4.24 0.490032805385 0.456304947587 0.791488749429 0.79504127335 -0.475709252423 0.138133886137 0.350041583716 
4.26 0.490032802389 0.456304951394 0.791488752487 0.794966719489 -0.475865550655 0.138053128171 0.350030322126 
4.28 0.490032799509 0.456304955052 0.791488755422 0.794893607453 -0.47601872769 0.137973995565 0.350019285563 
4.3 0.490032796741 0.456304958566 0.791488758241 0.794821918045 -0.476168831914 0.137896466028 0.350008466706 
4.32 0.490032794084 0.456304961943 0.791488760943 0.794751617294 -0.476315945122 0.137820460969 0.349997868235 
4.34 0.490032791531 0.456304965187 0.791488763537 0.794682679979 -0.476460117214 0.137745992194 0.349987480461 
4.36 0.490032789077 0.456304968304 0.791488766026 0.794615085809 -0.476601402563 0.137673010178 0.349977300333 
4.38 0.490032786719 0.456304971299 0.791488768416 0.794548803391 -0.476739864303 0.137601503958 0.34996732265 
4.4 0.490032784455 0.456304974178 0.791488770709 0.794483813944 -0.476875555969 0.137531413164 0.349957545845 
4.42 0.490032782279 0.456304976945 0.791488772911 0.794420093801 -0.477008526977 0.137462733216 0.349947962893 
4.44 0.490032780189 0.456304979603 0.791488775022 0.794357615719 -0.477138839588 0.137395420942 0.349938572337 
4.46 0.490032778181 0.456304982156 0.79148877705 0.794296355137 -0.477266545895 0.137329461921 0.34992936898 
4.48 0.490032776253 0.456304984611 0.791488778995 0.794236292948 -0.47739169571 0.13726481022 0.349920350518 
4.5 0.4900327744 0.456304986969 0.791488780861 0.794177398978 -0.477514348462 0.137201454223 0.349911512993 
4.52 0.49003277262 0.456304989234 0.791488782653 0.794119658623 -0.477634543171 0.137139364774 0.349902851643 
4.54 0.490032770911 0.456304991411 0.791488784373 0.794063049844 -0.477752328289 0.137078520554 0.349894362473 
4.56 0.490032769268 0.456304993502 0.791488786024 0.79400754763 -0.47786775803 0.137018892513 0.349886043215 
4.58 0.49003276769 0.456304995512 0.791488787609 0.793953131574 -0.477980879038 0.136960453197 0.349877890695 
4.6 0.490032766173 0.456304997442 0.79148878913 0.793899775649 -0.47809174317 0.136903190364 0.349869901257 
4.62 0.490032764716 0.456304999296 0.79148879059 0.793847464045 -0.478200390367 0.136847072617 0.349862071679 
4.64 0.490032763317 0.456305001078 0.791488791991 0.793796178917 -0.478306862707 0.136792072059 0.349854398924 
4.66 0.490032761973 0.45630500279 0.791488793337 0.793745900514 -0.478411201889 0.136738175977 0.349846878727 
4.68 0.490032760681 0.456305004434 0.791488794628 0.793696605855 -0.478513456546 0.136685360191 0.349839509015 
4.7 0.49003275944 0.456305006014 0.791488795868 0.793648274649 -0.478613669485 0.136633608172 0.349832286455 
4.72 0.490032758248 0.456305007532 0.791488797058 0.79360089398 -0.478711875411 0.136582886921 0.349825208376 
4.74 0.490032757102 0.45630500899 0.791488798201 0.793554441261 -0.478808119932 0.136533181066 0.349818272122 
4.76 0.490032756002 0.456305010391 0.791488799297 0.793508904623 -0.478902433125 0.136484470777 0.349811473608 
4.78 0.490032754946 0.456305011737 0.79148880035 0.793464259388 -0.478994864976 0.136436732463 0.34980481191 
4.8 0.49003275393 0.45630501303 0.79148880136 0.793420492391 -0.479085446108 0.136389951363 0.349798282941 
4.82 0.490032752955 0.456305014272 0.79148880233 0.793377582167 -0.47917422021 0.136344109141 0.349791884846 
4.84 0.490032752018 0.456305015466 0.791488803261 0.793335519508 -0.479261213569 0.136299180838 0.349785614281 
4.86 0.490032751118 0.456305016612 0.791488804155 0.793294280542 -0.479346471097 0.136255158391 0.349779468978 
4.88 0.490032750254 0.456305017714 0.791488805013 0.793253856124 -0.479430020331 0.136212008243 0.349773446905 
4.9 0.490032749424 0.456305018772 0.791488805837 0.793214227923 -0.479511897553 0.136169721865 0.349767545055 
4.92 0.490032748626 0.456305019789 0.791488806627 0.793175380054 -0.479592137886 0.136128277029 0.3497617617 
4.94 0.49003274786 0.456305020766 0.791488807387 0.793137298636 -0.479670770153 0.136087667255 0.349756093006 
4.96 0.490032747124 0.456305021704 0.791488808115 0.793099965665 -0.479747832832 0.136047867895 0.349750538236 
4.98 0.490032746418 0.456305022605 0.791488808815 0.793063367511 -0.479823356567 0.136008859738 0.349745095289 
5.0 0.490032745738 0.456305023471 0.791488809486 0.793027490833 -0.479897368253 0.135970639538 0.349739760267 
5.02 0.490032745086 0.456305024303 0.791488810131 0.792992322422 -0.479969899209 0.135933179955 0.349734532211 
5.04 0.49003274446 0.456305025102 0.79148881075 0.792957850206 -0.480040975626 0.135896470165 0.349729408134 
5.06 0.490032743858 0.45630502587 0.791488811344 0.79292405715 -0.480110632551 0.135860491704 0.349724387051 
5.08 0.490032743279 0.456305026607 0.791488811915 0.792890928494 -0.480178898879 0.135825239156 0.34971946613 
5.1 0.490032742724 0.456305027315 0.791488812463 0.792858455499 -0.480245796156 0.135790697725 0.349714642572 
5.12 0.49003274219 0.456305027996 0.791488812989 0.792826625693 -0.480311354059 0.135756839259 0.349709916 
5.14 0.490032741678 0.456305028649 0.791488813494 0.792795423609 -0.48037560293 0.135723654445 0.349705284544 
5.16 0.490032741186 0.456305029277 0.791488813979 0.792764837074 -0.480438567646 0.135691135898 0.349700745575 
5.18 0.490032740713 0.45630502988 0.791488814444 0.792734853661 -0.480500274855 0.135659268578 0.349696297528 
5.2 0.490032740259 0.456305030459 0.791488814891 0.7927054612 -0.48056074971 0.135628042468 0.349691938309 
5.22 0.490032739822 0.456305031016 0.79148881532 0.792676650468 -0.480620013901 0.135597442029 0.349687666004 
5.24 0.490032739403 0.45630503155 0.791488815732 0.792648409045 -0.480678093594 0.135567452884 0.349683479299 
5.26 0.490032739 0.456305032064 0.791488816128 0.792620726338 -0.480735011041 0.135538066009 0.349679376003 
5.28 0.490032738614 0.456305032557 0.791488816508 0.792593592405 -0.480790788813 0.135509265223 0.349675354735 
5.3 0.490032738242 0.456305033031 0.791488816872 0.79256699624 -0.480845450034 0.135481039184 0.349671413864 
5.32 0.490032737886 0.456305033486 0.791488817222 0.792540926901 -0.480899017355 0.135453377925 0.349667551686 
5.34 0.490032737543 0.456305033923 0.791488817558 0.79251537391 -0.480951512949 0.135426269874 0.34966376669 
5.36 0.490032737214 0.456305034343 0.791488817881 0.792490325647 -0.481002960645 0.135399703289 0.349660057708 
5.38 0.490032736898 0.456305034747 0.791488818191 0.792465773697 -0.481053379029 0.13537366808 0.349656422842 
5.4 0.490032736594 0.456305035134 0.791488818488 0.792441708569 -0.481102788118 0.135348154667 0.34965286044 
5.42 0.490032736303 0.456305035507 0.791488818774 0.792418121658 -0.481151207216 0.135323149859 0.349649369189 
5.44 0.490032736023 0.456305035864 0.791488819048 0.792395000625 -0.481198660076 0.135298645975 0.349645947957 
5.46 0.490032735753 0.456305036208 0.791488819311 0.792372338352 -0.481245163189 0.135274631889 0.349642595073 
5.48 0.490032735495 0.456305036538 0.791488819564 0.792350125203 -0.481290736887 0.135251095786 0.349639309528 
5.5 0.490032735247 0.456305036855 0.791488819807 0.792328350719 -0.481335401923 0.135228029585 0.349636090124 
5.52 0.490032735009 0.456305037159 0.79148882004 0.792307009961 -0.481379170882 0.13520542416 0.349632934785 
5.54 0.490032734779 0.456305037452 0.791488820264 0.792286091823 -0.48142206453 0.135183275527 0.349629842126 
5.56 0.490032734559 0.456305037733 0.791488820479 0.792265588538 -0.48146410131 0.135161565621 0.349626811826 
5.58 0.490032734348 0.456305038002 0.791488820685 0.792245492702 -0.481505295643 0.13514029368 0.349623841558 
5.6 0.490032734145 0.456305038262 0.791488820883 0.792225796253 -0.481545665654 0.13511944477 0.349620930847 
5.62 0.49003273395 0.45630503851 0.791488821073 0.792206489524 -0.481585230114 0.135099012604 0.349618078602 
5.64 0.490032733763 0.45630503875 0.791488821256 0.792187566699 -0.48162400266 0.135078987209 0.349615283481 
5.66 0.490032733583 0.456305038979 0.791488821431 0.792169017237 -0.48166200199 0.135059368679 0.349612543971 
5.68 0.49003273341 0.4563050392 0.7914888216 0.792150838809 -0.481699238083 0.135040138317 0.349609859197 
5.7 0.490032733244 0.456305039412 0.791488821762 0.792133021944 -0.481735728424 0.135021293562 0.349607227886 
5.72 0.490032733085 0.456305039615 0.791488821917 0.792115558178 -0.481771490205 0.135002825313 0.349604649391 
5.74 0.490032732932 0.456305039811 0.791488822066 0.792098440175 -0.481806537779 0.134984729988 0.34960212227 
5.76 0.490032732785 0.456305039998 0.791488822209 0.792081661862 -0.481840885127 0.134966995942 0.349599645836 
5.78 0.490032732644 0.456305040179 0.791488822347 0.792065217651 -0.481874545377 0.134949611871 0.349597219328 
5.8 0.490032732508 0.456305040352 0.791488822479 0.792049101161 -0.481907531176 0.134932574711 0.349594841249 
5.82 0.490032732378 0.456305040518 0.791488822606 0.792033304891 -0.481939856552 0.134915882666 0.349592510238 
5.84 0.490032732253 0.456305040678 0.791488822727 0.792017822385 -0.481971536243 0.134899522032 0.349590226167 
5.86 0.490032732132 0.456305040832 0.791488822844 0.792002647965 -0.482002580961 0.13488349343 0.349587987156 
5.88 0.490032732017 0.456305040979 0.791488822957 0.791987775402 -0.482033004638 0.134867784994 0.349585792937 
5.9 0.490032731906 0.456305041121 0.791488823064 0.791973197808 -0.482062821219 0.134852389615 0.349583642876 
5.92 0.4900327318 0.456305041257 0.791488823168 0.791958910826 -0.482092040296 0.134837302749 0.349581535603 
5.94 0.490032731697 0.456305041387 0.791488823267 0.791944907636 -0.482120675813 0.134822516252 0.349579470699 
5.96 0.490032731599 0.456305041513 0.791488823363 0.791931183152 -0.482148738605 0.134808024354 0.349577447189 
5.98 0.490032731505 0.456305041633 0.791488823454 0.791917731233 -0.482176240987 0.134793821568 0.349575464318 
6.0 0.490032731414 0.456305041749 0.791488823542 0.791904547089 -0.482203192933 0.134779903793 0.349573520963 
6.02 0.490032731327 0.45630504186 0.791488823627 0.791891624672 -0.482229606474 0.134766265832 0.349571616421 
6.04 0.490032731243 0.456305041967 0.791488823708 0.79187895855 -0.48225549234 0.134752904212 0.349569749721 
6.06 0.490032731163 0.45630504207 0.791488823786 0.791866544448 -0.482280860705 0.13473980921 0.349567920434 
6.08 0.490032731086 0.456305042168 0.791488823861 0.79185437969 -0.482305718797 0.134726973688 0.349566127566 
6.1 0.490032731012 0.456305042263 0.791488823933 0.79184245599 -0.482330081447 0.134714394493 0.34956437081 
6.12 0.490032730941 0.456305042354 0.791488824002 0.791830770182 -0.482353956021 0.13470206713 0.349562649055 
6.14 0.490032730872 0.456305042441 0.791488824068 0.791819315735 -0.482377354792 0.134689987664 0.34956096183 
6.16 0.490032730807 0.456305042525 0.791488824132 0.791808090139 -0.48240028497 0.134678147005 0.349559308516 
6.18 0.490032730744 0.456305042605 0.791488824193 0.791797088303 -0.482422755646 0.134666546068 0.349557687884 
6.2 0.490032730683 0.456305042683 0.791488824251 0.791786305725 -0.482444777186 0.134655174547 0.349556099932 
6.22 0.490032730625 0.456305042757 0.791488824308 0.791775737522 -0.482466358451 0.134644032565 0.349554543566 
6.24 0.490032730569 0.456305042828 0.791488824362 0.791765380973 -0.482487507075 0.134633109802 0.349553018517 
6.26 0.490032730516 0.456305042897 0.791488824414 0.79175523023 -0.482508233319 0.134622406276 0.349551523972 
6.28 0.490032730464 0.456305042963 0.791488824464 0.791745281572 -0.482528544968 0.134611918222 0.34955005918 
6.3 0.490032730415 0.456305043026 0.791488824512 0.79173552976 -0.482548452228 0.134601640949 0.34954862383 
6.32 0.490032730367 0.456305043087 0.791488824558 0.791725973267 -0.482567959774 0.134591569467 0.349547216957 
6.34 0.490032730321 0.456305043145 0.791488824602 0.7917166073 -0.48258707676 0.134581700739 0.349545838046 
6.36 0.490032730278 0.456305043201 0.791488824644 0.791707428425 -0.482605811086 0.134572027586 0.34954448683 
6.38 0.490032730235 0.456305043255 0.791488824685 0.791698431508 -0.482624172428 0.134562546628 0.349543162972 
6.4 0.490032730195 0.456305043307 0.791488824724 0.791689615003 -0.482642164831 0.13455325564 0.349541865333 
6.42 0.490032730156 0.456305043356 0.791488824762 0.7916809733 -0.482659798607 0.13454415134 0.349540593726 
6.44 0.490032730119 0.456305043404 0.791488824798 0.791672504537 -0.482677078698 0.134535229082 0.349539347421 
6.46 0.490032730083 0.45630504345 0.791488824833 0.791664204421 -0.482694013643 0.134526484276 0.349538126189 
6.48 0.490032730049 0.456305043494 0.791488824866 0.791656069291 -0.482710610341 0.134517915782 0.34953692931 
6.5 0.490032730016 0.456305043536 0.791488824898 0.791648096318 -0.482726875365 0.134509517606 0.349535756495 
6.52 0.490032729984 0.456305043576 0.791488824928 0.791640282754 -0.482742814501 0.13450128704 0.34953460709 
6.54 0.490032729953 0.456305043615 0.791488824958 0.791632625091 -0.482758434551 0.134493221865 0.349533480561 
6.56 0.490032729924 0.456305043653 0.791488824986 0.791625119917 -0.482773742583 0.134485317674 0.349532376639 
6.58 0.490032729896 0.456305043689 0.791488825013 0.79161776413 -0.482788744863 0.134477571644 0.34953129484 
6.6 0.490032729869 0.456305043723 0.79148882504 0.791610554535 -0.482803447624 0.134469981732 0.349530234637 
6.62 0.490032729843 0.456305043756 0.791488825065 0.791603489548 -0.482817855282 0.134462542711 0.34952919558 
6.64 0.490032729818 0.456305043788 0.791488825089 0.791596565658 -0.4828319749 0.134455250516 0.349528177493 
6.66 0.490032729794 0.456305043819 0.791488825112 0.791589779687 -0.48284581211 0.134448105695 0.349527179627 
6.68 0.490032729771 0.456305043848 0.791488825134 0.791583128901 -0.482859372706 0.134441104487 0.349526201669 
6.7 0.490032729749 0.456305043876 0.791488825155 0.791576611278 -0.48287266153 0.134434242429 0.349525243275 
6.72 0.490032729728 0.456305043904 0.791488825176 0.791570223078 -0.482885685342 0.134427518332 0.349524304081 
6.74 0.490032729708 0.45630504393 0.791488825195 0.791563962693 -0.482898448246 0.134420928119 0.349523383668 
6.76 0.490032729688 0.456305043955 0.791488825214 0.791557827166 -0.48291095596 0.134414469739 0.349522481668 
6.78 0.490032729669 0.456305043979 0.791488825232 0.791551814461 -0.482923213011 0.134408140049 0.349521597683 
6.8 0.490032729651 0.456305044002 0.79148882525 0.791545921224 -0.482935225517 0.134401937806 0.349520731378 
6.82 0.490032729634 0.456305044024 0.791488825267 0.79154014539 -0.482946998201 0.134395858906 0.349519882516 
6.84 0.490032729617 0.456305044045 0.791488825283 0.791534485368 -0.482958534704 0.134389901076 0.349519050581 
6.86 0.490032729601 0.456305044066 0.791488825298 0.79152893806 -0.482969840577 0.134384063734 0.349518235177 
6.88 0.490032729586 0.456305044085 0.791488825313 0.791523501423 -0.482980920514 0.134378342501 0.349517436161 
6.9 0.490032729571 0.456305044104 0.791488825327 0.79151817328 -0.482991778626 0.134372736946 0.349516652983 
6.92 0.490032729557 0.456305044122 0.791488825341 0.791512951864 -0.483002419298 0.134367241995 0.349515885566 
6.94 0.490032729543 0.456305044139 0.791488825354 0.791507834565 -0.483012847376 0.134361856591 0.349515133556 
6.96 0.49003272953 0.456305044156 0.791488825367 0.791502819233 -0.483023066917 0.134356580139 0.349514396478 
6.98 0.490032729518 0.456305044172 0.791488825379 0.791497903652 -0.483033082535 0.134351409604 0.349513674166 
7.0 0.490032729506 0.456305044188 0.79148882539 0.791493086415 -0.483042897551 0.134346342286 0.349512966279 
7.02 0.490032729494 0.456305044202 0.791488825401 0.791488365219 -0.483052516438 0.134341376401 0.349512272564 
7.04 0.490032729483 0.456305044217 0.791488825412 0.791483738269 -0.483061943047 0.134336509374 0.349511592777 
7.06 0.490032729472 0.45630504423 0.791488825422 0.791479203647 -0.483071181127 0.134331740026 0.349510926554 
7.08 0.490032729462 0.456305044243 0.791488825432 0.791474759801 -0.483080234265 0.134327065138 0.349510273715 
7.1 0.490032729452 0.456305044256 0.791488825442 0.791470404808 -0.483089106262 0.134322483164 0.349509633974 
7.12 0.490032729443 0.456305044268 0.791488825451 0.791466136521 -0.483097800855 0.134317994551 0.349509006878 
7.14 0.490032729434 0.45630504428 0.79148882546 0.791461953276 -0.483106321872 0.134313595511 0.349508392381 
7.16 0.490032729425 0.456305044291 0.791488825468 0.791457853889 -0.483114672039 0.134309284135 0.349507790147 
7.18 0.490032729417 0.456305044301 0.791488825476 0.791453836447 -0.483122855248 0.134305058088 0.349507200043 
7.2 0.490032729409 0.456305044312 0.791488825484 0.791449899076 -0.483130874923 0.134300917085 0.34950662171 
7.22 0.490032729401 0.456305044322 0.791488825491 0.791446040306 -0.483138734215 0.134296859051 0.349506054932 
7.24 0.490032729393 0.456305044331 0.791488825498 0.791442258591 -0.483146436332 0.134292882175 0.349505499491 
7.26 0.490032729386 0.45630504434 0.791488825505 0.79143855226 -0.483153984689 0.134288984461 0.349504955227 
7.28 0.49003272938 0.456305044349 0.791488825512 0.791434920173 -0.483161381746 0.134285164703 0.349504421806 
7.3 0.490032729373 0.456305044357 0.791488825518 0.791431360577 -0.483168630797 0.134281422044 0.349503898981 
7.32 0.490032729367 0.456305044365 0.791488825524 0.791427871931 -0.483175735189 0.134277753708 0.349503386701 
7.34 0.490032729361 0.456305044373 0.79148882553 0.791424453112 -0.483182697192 0.134274159146 0.34950288459 
7.36 0.490032729355 0.456305044381 0.791488825536 0.791421102388 -0.483189520156 0.134270636911 0.349502392509 
7.38 0.490032729349 0.456305044388 0.791488825541 0.791417818957 -0.483196206321 0.134267184066 0.349501910319 
7.4 0.490032729344 0.456305044395 0.791488825546 0.791414600807 -0.483202759063 0.134263801087 0.349501437739 
7.42 0.490032729339 0.456305044401 0.791488825551 0.791411446838 -0.483209180897 0.134260485795 0.349500974627 
7.44 0.490032729334 0.456305044408 0.791488825556 0.791408356053 -0.483215474056 0.134257236641 0.349500520761 
7.46 0.490032729329 0.456305044414 0.791488825561 0.791405326916 -0.483221641434 0.134254052773 0.349500075956 
7.48 0.490032729324 0.45630504442 0.791488825565 0.791402358205 -0.483227685624 0.13425093243 0.34949964008 
7.5 0.49003272932 0.456305044425 0.791488825569 0.791399448842 -0.483233608878 0.134247874443 0.34949921292 
7.52 0.490032729316 0.456305044431 0.791488825573 0.791396597829 -0.483239413371 0.134244877379 0.349498794285 
7.54 0.490032729312 0.456305044436 0.791488825577 0.791393803572 -0.483245101996 0.134241940682 0.349498384013 
7.56 0.490032729308 0.456305044441 0.791488825581 0.791391065246 -0.483250676783 0.134239062228 0.349497981982 
7.58 0.490032729304 0.456305044445 0.791488825585 0.791388381678 -0.483256139914 0.134236241799 0.349497587929 
7.6 0.4900327293 0.45630504445 0.791488825588 0.791385751934 -0.483261493474 0.134233477763 0.349497201719 
7.62 0.490032729297 0.456305044454 0.791488825591 0.791383174616 -0.483266740143 0.134230768963 0.34949682326 
7.64 0.490032729294 0.456305044459 0.791488825595 0.791380648568 -0.483271882145 0.134228114713 0.349496452371 
7.66 0.490032729291 0.456305044463 0.791488825598 0.791378173198 -0.483276921065 0.13422551321 0.349496088899 
7.68 0.490032729287 0.456305044467 0.791488825601 0.791375747179 -0.48328185937 0.134222963739 0.349495732716 
7.7 0.490032729285 0.45630504447 0.791488825603 0.791373369584 -0.483286699004 0.13422046515 0.34949538368 
7.72 0.490032729282 0.456305044474 0.791488825606 0.791371039442 -0.483291441911 0.134218016633 0.349495041623 
7.74 0.490032729279 0.456305044477 0.791488825609 0.791368755995 -0.483296089832 0.134215616715 0.349494706423 
7.76 0.490032729276 0.456305044481 0.791488825611 0.791366518143 -0.483300644793 0.134213265064 0.349494377904 
7.78 0.490032729274 0.456305044484 0.791488825614 0.791364325035 -0.483305108566 0.134210960702 0.34949405592 
7.8 0.490032729272 0.456305044487 0.791488825616 0.791362175636 -0.483309483181 0.134208702721 0.349493740364 
7.82 0.490032729269 0.45630504449 0.791488825618 0.791360069254 -0.483313770251 0.134206489677 0.349493431133 
7.84 0.490032729267 0.456305044493 0.79148882562 0.791358004919 -0.483317971754 0.134204320351 0.349493128157 
7.86 0.490032729265 0.456305044495 0.791488825622 0.791355981972 -0.483322088956 0.134202194783 0.349492831172 
7.88 0.490032729263 0.456305044498 0.791488825624 0.791353999313 -0.483326123912 0.134200112278 0.349492540091 
7.9 0.490032729261 0.456305044501 0.791488825626 0.791352056227 -0.483330078288 0.134198071214 0.349492254865 
7.92 0.490032729259 0.456305044503 0.791488825628 0.791350152066 -0.48333395348 0.134196070743 0.349491975351 
7.94 0.490032729257 0.456305044505 0.79148882563 0.79134828603 -0.483337751119 0.134194110013 0.349491701444 
7.96 0.490032729256 0.456305044508 0.791488825631 0.791346457349 -0.483341472646 0.134192188841 0.349491432965 
7.98 0.490032729254 0.45630504451 0.791488825633 0.791344665124 -0.483345119824 0.134190306378 0.34949116984 
8.0 0.490032729252 0.456305044512 0.791488825635 0.791342908643 -0.483348694229 0.134188461275 0.349490912025 
8.02 0.490032729251 0.456305044514 0.791488825636 0.791341187264 -0.483352197235 0.134186652649 0.349490659416 
8.04 0.490032729249 0.456305044516 0.791488825637 0.791339500208 -0.483355630221 0.13418488061 0.349490411828 
8.06 0.490032729248 0.456305044517 0.791488825639 0.791337846856 -0.483358994539 0.134183144182 0.349490169174 
8.08 0.490032729246 0.456305044519 0.79148882564 0.791336226782 -0.483362291286 0.134181442153 0.349489931366 
8.1 0.490032729245 0.456305044521 0.791488825641 0.791334639015 -0.483365522183 0.134179774303 0.349489698313 
8.12 0.490032729244 0.456305044522 0.791488825643 0.791333082896 -0.483368688603 0.134178139765 0.349489469943 
8.14 0.490032729243 0.456305044524 0.791488825644 0.791331557888 -0.483371791694 0.134176537868 0.349489246145 
8.16 0.490032729242 0.456305044525 0.791488825645 0.791330063373 -0.483374832729 0.134174967891 0.349489026834 
8.18 0.49003272924 0.456305044527 0.791488825646 0.791328598798 -0.483377812838 0.134173429344 0.349488811893 
8.2 0.490032729239 0.456305044528 0.791488825647 0.791327163454 -0.483380733402 0.134171921612 0.349488601254 
8.22 0.490032729238 0.456305044529 0.791488825648 0.791325756837 -0.483383595525 0.134170443915 0.349488394835 
8.24 0.490032729237 0.456305044531 0.791488825649 0.791324378264 -0.483386400466 0.134168996012 0.34948819253 
8.26 0.490032729236 0.456305044532 0.79148882565 0.791323027203 -0.48338914939 0.134167577007 0.349487994287 
8.28 0.490032729235 0.456305044533 0.791488825651 0.791321703311 -0.483391843098 0.134166186346 0.349487799982 
8.3 0.490032729235 0.456305044534 0.791488825651 0.791320405746 -0.483394483089 0.134164823758 0.349487609559 
8.32 0.490032729234 0.456305044535 0.791488825652 0.791319134257 -0.483397070131 0.134163488128 0.349487422952 
8.34 0.490032729233 0.456305044536 0.791488825653 0.791317888067 -0.483399605577 0.134162179371 0.349487240081 
8.36 0.490032729232 0.456305044537 0.791488825654 0.791316666857 -0.483402090237 0.134160896662 0.34948706087 
8.38 0.490032729231 0.456305044538 0.791488825655 0.791315470097 -0.483404525166 0.134159639519 0.349486885245 
8.4 0.490032729231 0.456305044539 0.791488825655 0.791314297157 -0.483406911509 0.134158407741 0.349486713127 
8.42 0.49003272923 0.45630504454 0.791488825656 0.791313147811 -0.483409249962 0.134157200314 0.349486544457 
8.44 0.490032729229 0.456305044541 0.791488825656 0.791312021365 -0.48341154172 0.134156017248 0.34948637915 
8.46 0.490032729229 0.456305044542 0.791488825657 0.791310917449 -0.483413787649 0.134154857731 0.34948621716 
8.48 0.490032729228 0.456305044542 0.791488825658 0.791309835546 -0.483415988748 0.134153721374 0.349486058424 
8.5 0.490032729228 0.456305044543 0.791488825658 0.791308775359 -0.48341814566 0.134152607924 0.349485902825 
8.52 0.490032729227 0.456305044544 0.791488825659 0.791307736285 -0.48342025957 0.134151516676 0.349485750361 
8.54 0.490032729226 0.456305044545 0.791488825659 0.791306717962 -0.483422331267 0.134150447089 0.349485600971 
8.56 0.490032729226 0.456305044545 0.79148882566 0.791305720052 -0.483424361437 0.13414939896 0.349485454549 
8.58 0.490032729225 0.456305044546 0.79148882566 0.791304742115 -0.483426350975 0.134148371757 0.349485311056 
8.6 0.490032729225 0.456305044547 0.791488825661 0.791303783736 -0.483428300696 0.13414736519 0.349485170421 
8.62 0.490032729225 0.456305044547 0.791488825661 0.791302844431 -0.48343021155 0.134146378757 0.349485032615 
8.64 0.490032729224 0.456305044548 0.791488825662 0.791301923979 -0.483432084106 0.134145411907 0.349484897568 
8.66 0.490032729224 0.456305044548 0.791488825662 0.791301021937 -0.483433919174 0.13414446453 0.349484765204 
8.68 0.490032729223 0.456305044549 0.791488825662 0.791300137854 -0.48343571765 0.134143536117 0.349484635501 
8.7 0.490032729223 0.456305044549 0.791488825663 0.791299271533 -0.483437480036 0.134142626224 0.34948450838 
8.72 0.490032729223 0.45630504455 0.791488825663 0.791298422472 -0.483439207287 0.134141734416 0.349484383826 
8.74 0.490032729222 0.45630504455 0.791488825663 0.79129759044 -0.483440899898 0.134140860526 0.349484261744 
8.76 0.490032729222 0.456305044551 0.791488825664 0.791296775011 -0.483442558667 0.134140004307 0.349484142087 
8.78 0.490032729221 0.456305044551 0.791488825664 0.791295975891 -0.483444184312 0.13413916491 0.349484024858 
8.8 0.490032729221 0.456305044551 0.791488825664 0.791295192735 -0.48344577743 0.134138342478 0.349483909955 
8.82 0.490032729221 0.456305044552 0.791488825665 0.7912944252 -0.483447338737 0.134137536511 0.349483797355 
8.84 0.490032729221 0.456305044552 0.791488825665 0.791293673001 -0.483448868837 0.134136746645 0.349483687011 
8.86 0.49003272922 0.456305044553 0.791488825665 0.791292935875 -0.483450368274 0.134135972644 0.349483578861 
8.88 0.49003272922 0.456305044553 0.791488825666 0.791292213551 -0.483451837658 0.134135213957 0.34948347288 
8.9 0.49003272922 0.456305044553 0.791488825666 0.791291505632 -0.483453277695 0.134134470522 0.349483369016 
8.92 0.49003272922 0.456305044554 0.791488825666 0.791290811859 -0.48345468894 0.134133741972 0.34948326723 
8.94 0.490032729219 0.456305044554 0.791488825666 0.791290131957 -0.483456071956 0.134133028027 0.349483167476 
8.96 0.490032729219 0.456305044554 0.791488825666 0.791289465679 -0.483457427289 0.134132328249 0.349483069724 
8.98 0.490032729219 0.456305044554 0.791488825667 0.791288812701 -0.483458755531 0.134131642556 0.349482973921 
9.0 0.490032729219 0.456305044555 0.791488825667 0.791288172722 -0.483460057291 0.134130970585 0.349482880044 
9.02 0.490032729218 0.456305044555 0.791488825667 0.791287545607 -0.483461332929 0.134130311991 0.349482788038 
9.04 0.490032729218 0.456305044555 0.791488825667 0.791286931026 -0.483462583077 0.134129666492 0.349482697883 
9.06 0.490032729218 0.456305044555 0.791488825667 0.791286328735 -0.48346380821 0.134129033948 0.349482609526 
9.08 0.490032729218 0.456305044556 0.791488825668 0.791285738467 -0.483465008852 0.134128414152 0.349482522928 
9.1 0.490032729218 0.456305044556 0.791488825668 0.791285159974 -0.483466185533 0.134127806696 0.349482438074 
9.12 0.490032729218 0.456305044556 0.791488825668 0.791284593109 -0.4834673386 0.134127211342 0.34948235491 
9.14 0.490032729217 0.456305044556 0.791488825668 0.791284037547 -0.483468468631 0.134126628002 0.349482273404 
9.16 0.490032729217 0.456305044557 0.791488825668 0.791283493118 -0.48346957603 0.134126056305 0.349482193526 
9.18 0.490032729217 0.456305044557 0.791488825668 0.791282959594 -0.483470661266 0.134125495984 0.349482115249 
9.2 0.490032729217 0.456305044557 0.791488825669 0.791282436645 -0.483471724912 0.134124946989 0.349482038541 
9.22 0.490032729217 0.456305044557 0.791488825669 0.791281924241 -0.483472767187 0.134124408808 0.34948196337 
9.24 0.490032729217 0.456305044557 0.791488825669 0.791281422074 -0.483473788605 0.134123881504 0.34948188969 
9.26 0.490032729217 0.456305044557 0.791488825669 0.791280929917 -0.483474789646 0.134123364744 0.349481817491 
9.28 0.490032729216 0.456305044558 0.791488825669 0.791280447618 -0.483475770644 0.134122858286 0.349481746736 
9.3 0.490032729216 0.456305044558 0.791488825669 0.791279974977 -0.483476731994 0.134122362009 0.349481677388 
9.32 0.490032729216 0.456305044558 0.791488825669 0.791279511783 -0.483477674122 0.134121875657 0.349481609427 
9.34 0.490032729216 0.456305044558 0.791488825669 0.791279057863 -0.4834785974 0.134121398985 0.349481542829 
9.36 0.490032729216 0.456305044558 0.791488825669 0.791278612977 -0.483479502275 0.134120931851 0.349481477571 
9.38 0.490032729216 0.456305044558 0.79148882567 0.791278177023 -0.483480388997 0.134120474064 0.34948141361 
9.4 0.490032729216 0.456305044558 0.79148882567 0.791277749765 -0.483481258049 0.134120025276 0.349481350951 
9.42 0.490032729216 0.456305044558 0.79148882567 0.791277331065 -0.483482109677 0.134119585572 0.349481289529 
9.44 0.490032729216 0.456305044559 0.79148882567 0.791276920753 -0.48348294426 0.134119154611 0.349481229339 
9.46 0.490032729215 0.456305044559 0.79148882567 0.791276518655 -0.483483762125 0.134118732329 0.349481170344 
9.48 0.490032729215 0.456305044559 0.79148882567 0.791276124558 -0.483484563683 0.134118318541 0.349481112531 
9.5 0.490032729215 0.456305044559 0.79148882567 0.791275738337 -0.483485349227 0.134117912982 0.349481055881 
9.52 0.490032729215 0.456305044559 0.79148882567 0.791275359884 -0.483486119009 0.134117515447 0.349481000365 
9.54 0.490032729215 0.456305044559 0.79148882567 0.791274988977 -0.483486873422 0.134117125901 0.349480945959 
9.56 0.490032729215 0.456305044559 0.79148882567 0.791274625475 -0.48348761276 0.134116744164 0.349480892642 
9.58 0.490032729215 0.456305044559 0.79148882567 0.791274269251 -0.483488337291 0.134116370102 0.349480840384 
9.6 0.490032729215 0.456305044559 0.79148882567 0.79127392015 -0.48348904734 0.134116003477 0.349480789177 
9.62 0.490032729215 0.456305044559 0.79148882567 0.791273578034 -0.483489743193 0.134115644128 0.349480739 
9.64 0.490032729215 0.456305044559 0.79148882567 0.79127324276 -0.483490425115 0.134115292037 0.349480689818 
9.66 0.490032729215 0.45630504456 0.791488825671 0.79127291419 -0.483491093394 0.134114947021 0.349480641616 
9.68 0.490032729215 0.45630504456 0.791488825671 0.791272592174 -0.483491748332 0.134114608892 0.349480594383 
9.7 0.490032729215 0.45630504456 0.791488825671 0.791272276641 -0.483492390105 0.134114277545 0.349480548083 
9.72 0.490032729215 0.45630504456 0.791488825671 0.791271967408 -0.483493019063 0.134113952789 0.349480502716 
9.74 0.490032729215 0.45630504456 0.791488825671 0.791271664326 -0.483493635491 0.134113634534 0.349480458262 
9.76 0.490032729215 0.45630504456 0.791488825671 0.791271367325 -0.483494239566 0.134113322611 0.349480414697 
9.78 0.490032729215 0.45630504456 0.791488825671 0.791271076239 -0.483494831596 0.134113016925 0.349480372008 
9.8 0.490032729214 0.45630504456 0.791488825671 0.791270790983 -0.483495411756 0.134112717437 0.349480330161 
9.82 0.490032729214 0.45630504456 0.791488825671 0.791270511421 -0.483495980333 0.134112423914 0.349480289156 
9.84 0.490032729214 0.45630504456 0.791488825671 0.791270237466 -0.483496537515 0.13411213626 0.349480248969 
9.86 0.490032729214 0.45630504456 0.791488825671 0.791269968995 -0.483497083546 0.13411185435 0.349480209585 
