0 0.779473931449 0.166863842326 0.555161073667 0.079146123181 -0.786597667925 -0.433185077373 0.432840257765 
0.02 0.783378436944 0.162941050963 0.565119465557 0.0696354085637 -0.791801987478 -0.429894670956 0.428241864352 
0.04 0.787211136567 0.159091331808 0.574879887472 0.060506803095 -0.796752225387 -0.426549087643 0.423769623676 
0.06 0.790973118533 0.155313502076 0.584446446424 0.0517558050389 -0.80146112099 -0.423162263994 0.419422348615 
0.08 0.794665420693 0.151606401025 0.593823137309 0.0433781772342 -0.805942505021 -0.419747006512 0.415195692252 
0.1 0.798289153341 0.147968886462 0.60301384837 0.0353665168657 -0.81020647647 -0.416314975371 0.411091858655 
0.12 0.801845329495 0.144399833031 0.612022368969 0.027715751148 -0.814266187288 -0.412876546066 0.407106093158 
0.14 0.805335008567 0.140898133932 0.62085238375 0.0204176237847 -0.818132013429 -0.409441397375 0.403237983526 
0.16 0.808759209959 0.137462696998 0.62950748701 0.013465124779 -0.821815197513 -0.406017873021 0.399484615898 
0.18 0.812118968867 0.134092448047 0.637991174801 0.0068491312207 -0.825325561128 -0.402613729741 0.395844656619 
0.2 0.815415287314 0.130786320171 0.646306862301 0.000561247639301 -0.828673514566 -0.399235795501 0.39231450502 
0.22 0.818649191258 0.127543260205 0.654457881672 0.00540857792254 0.831867678579 0.395890034694 -0.388893292627 
0.24 0.821821689874 0.124362223673 0.662447489378 0.011070193938 0.834916644936 0.392581589681 -0.385579229547 
0.26 0.824933768185 0.121242178208 0.670278863296 0.0164329628719 0.837829279538 0.389314983345 -0.382368800797 
0.28 0.827986443754 0.118182098945 0.677955114637 0.0215085826508 0.840612308116 0.386094106029 -0.379262006541 
0.3 0.830980682081 0.115180970805 0.685479285413 0.0263057994831 0.843273999667 0.382922007946 -0.37625483682 
0.32 0.833917458862 0.112237790804 0.692854345949 0.0308351739487 0.845821562363 0.379801696874 -0.373344007239 
0.34 0.836797761887 0.109351559196 0.700083218693 0.0351072281449 0.848260744243 0.37673495525 -0.370529304917 
0.36 0.839622551819 0.106521290097 0.707168753135 0.0391326892212 0.850597893281 0.373723899942 -0.367807426778 
0.38 0.842392779554 0.103746004916 0.714113745669 0.0429212362882 0.852839110435 0.370769946022 -0.365175117326 
0.4 0.845109393848 0.101024733729 0.72092094084 0.0464822890936 0.854989762946 0.36787383959 -0.362630307893 
0.42 0.847773335803 0.0983565183809 0.727593023614 0.0498262435626 0.857054884188 0.365036555322 -0.36017021562 
0.44 0.850385543138 0.0957404099998 0.73413263193 0.0529629017294 0.859038832856 0.362258294577 -0.357793435791 
0.46 0.852946934599 0.093175470917 0.740542348062 0.0559017649413 0.860946236546 0.359539464106 -0.355496756953 
0.48 0.855458415575 0.0906607713293 0.746824710501 0.0586508608234 0.862781519752 0.356879789859 -0.353277428219 
0.5 0.857920889377 0.0881953948459 0.752982206755 0.0612191216914 0.864548467344 0.354279030377 -0.351133216012 
0.52 0.860335251419 0.0857784376314 0.759017274607 0.0636163621814 0.866250470192 0.351737180498 -0.349061652449 
0.54 0.862702375488 0.0834090033921 0.764932312986 0.0658491672817 0.867891225386 0.349253244342 -0.347060339686 
0.56 0.865023137913 0.0810862113081 0.770729671461 0.0679267551249 0.869473439139 0.346826693646 -0.345127714251 
0.58 0.867298393568 0.078809190992 0.776411656104 0.0698564497679 0.871000200393 0.344456745688 -0.34326123826 
0.6 0.869528986471 0.0765770840298 0.781980530803 0.0716450774406 0.872474345352 0.34214237966 -0.341458770016 
0.62 0.871715747801 0.0743890461781 0.787438511602 0.0733001822151 0.873898716329 0.339883235613 -0.339716798281 
0.64 0.873859505678 0.0722442428989 0.792787783812 0.0748287610712 0.875275116901 0.337677709822 -0.338035339188 
0.66 0.875961064733 0.0701418537864 0.798030483304 0.0762368300344 0.876606166404 0.335524981666 -0.336411298036 
0.68 0.878021220567 0.0680810711267 0.803168707086 0.0775303964031 0.877894115022 0.33342407857 -0.334842267752 
0.7 0.880040760271 0.0660611000688 0.808204513833 0.0787159834171 0.879140800252 0.331374029617 -0.333326416268 
0.72 0.882020456767 0.0640811583839 0.813139923951 0.0797988257962 0.880348040743 0.329373460505 -0.331862317953 
0.74 0.883961067372 0.0621404769479 0.817976915933 0.0807845092514 0.881517856532 0.327421748456 -0.330446864591 
0.76 0.885863344547 0.0602382982403 0.822717438233 0.0816785479994 0.882651370538 0.32551720915 -0.329080110964 
0.78 0.887728024775 0.0583738787466 0.827363397227 0.0824864009189 0.883750070084 0.323658889446 -0.327760172341 
0.8 0.889555826591 0.0565464866963 0.83191666222 0.083211678511 0.884815736978 0.321845615407 -0.326484805158 
0.82 0.891347461211 0.0547554034462 0.83637906782 0.0838593673139 0.885849688399 0.320076476055 -0.325252187621 
0.84 0.893103628179 0.052999922759 0.840752414589 0.0844337695906 0.886853110951 0.318350236364 -0.324061144163 
0.86 0.894825014788 0.0512793510575 0.845038468213 0.08493907525 0.887827094257 0.316665667328 -0.322910605796 
0.88 0.8965122928 0.0495930066278 0.849238958597 0.0853788929067 0.888773009278 0.315021946709 -0.321798315279 
0.9 0.898166125333 0.0479402204057 0.853355583825 0.0857568891949 0.889691886624 0.313417937388 -0.320723088278 
0.92 0.899787163187 0.0463203353994 0.857390008836 0.0860769418114 0.890584687842 0.311852704382 -0.319683538268 
0.94 0.90137604528 0.0447327062159 0.861343867072 0.0863422201064 0.89145233986 0.310325075643 -0.318678669213 
0.96 0.902933399008 0.0431766997694 0.865218759114 0.0865561396177 0.892295773541 0.308834219064 -0.317706959871 
0.98 0.904459839404 0.0416516941223 0.869016255079 0.0867213291774 0.893115890802 0.307379023131 -0.316767348067 
1.0 0.905955971913 0.0401570791807 0.872737895097 0.0868408914204 0.893913391272 0.305958424427 -0.315859068263 
1.02 0.907422389429 0.0386922565157 0.876385187318 0.0869176065502 0.894689172169 0.304571752279 -0.314980416199 
1.04 0.90885967449 0.0372566383653 0.879959612371 0.0869540215596 0.895443899186 0.30321792339 -0.314130725146 
1.06 0.910268398202 0.0358496484574 0.883462620277 0.0869524692254 0.896178377248 0.301896187591 -0.313308595743 
1.08 0.911649120332 0.034470720875 0.886895633402 0.0869151798361 0.896893318798 0.300605717189 -0.312512926137 
1.1 0.913002392288 0.0331193011972 0.890260046153 0.0868445662751 0.89758933735 0.299345729939 -0.311742741298 
1.12 0.914328755246 0.031794845073 0.89355722721 0.0867432379969 0.898266803725 0.298115159601 -0.310997928617 
1.14 0.915628737247 0.0304968183685 0.896788515823 0.0866126543913 0.89892648234 0.296913298105 -0.310277167797 
1.16 0.916902857916 0.0292246975055 0.899955225557 0.0864545511422 0.899568967834 0.295739362316 -0.309579573412 
1.18 0.918151628002 0.0279779693139 0.903058644324 0.0862714245206 0.900194714283 0.294592807874 -0.308904184558 
1.2 0.919375546479 0.0267561296437 0.906100034765 0.0860643354818 0.900804275912 0.293472632308 -0.308250548651 
1.22 0.920575104012 0.0255586849245 0.90908063345 0.0858350652422 0.901398248113 0.292378468659 -0.307617247465 
1.24 0.921750782172 0.024385150671 0.912001654447 0.0855854904174 0.901976937913 0.291309427453 -0.307004144566 
1.26 0.922903052407 0.0232350518761 0.914864286403 0.0853168324919 0.902540865901 0.290264866927 -0.30641039555 
1.28 0.924032377404 0.0221079229431 0.917669694308 0.0850304538951 0.903090523379 0.28924426903 -0.30583505575 
1.3 0.925139211148 0.0210033070808 0.920419021118 0.0847277405602 0.903626252127 0.288246854967 -0.305277835828 
1.32 0.926223998212 0.019920756574 0.923113385837 0.0844097830354 0.904148561358 0.287272201777 -0.304737673432 
1.34 0.927287175728 0.018859832422 0.925753886954 0.0840781002172 0.904657666751 0.286319465729 -0.30421463245 
1.36 0.928329170815 0.0178201041656 0.928341599185 0.0837334570067 0.905154107982 0.285388304586 -0.30370753133 
1.38 0.929350403282 0.0168011498176 0.930877577176 0.0833770188101 0.90563818485 0.284478065599 -0.303216063342 
1.4 0.930351285023 0.0158025558292 0.933362854389 0.0830100066442 0.906110213779 0.283588250824 -0.302739695576 
1.42 0.931332219214 0.0148239164404 0.935798443855 0.08263314723 0.906570514566 0.282718158953 -0.302278195866 
1.44 0.932293601256 0.013864834218 0.938185337581 0.082247417932 0.9070194902 0.281867547766 -0.301830568626 
1.46 0.933235819127 0.0129249193327 0.940524508707 0.081853510196 0.907457435272 0.281035780735 -0.301396575933 
1.48 0.934159252926 0.0120037897424 0.942816910552 0.0814523666382 0.90788466815 0.280222508586 -0.300975558789 
1.5 0.93506427587 0.0111010709702 0.945063477975 0.0810449422186 0.908301424718 0.279427218123 -0.300567245336 
1.52 0.935951253124 0.010216395767 0.947265126738 0.0806317333272 0.908708017185 0.278649410974 -0.300171232546 
1.54 0.936820542974 0.00934940420494 0.949422754473 0.0802133178882 0.909104730716 0.277888622889 -0.299787133632 
1.56 0.937672497121 0.00849974364884 0.951537241214 0.0797908005544 0.909491759367 0.277144488988 -0.299414595526 
1.58 0.938507459458 0.00766706828277 0.95360944824 0.0793642236429 0.909869541528 0.276416814631 -0.299052640842 
1.6 0.939325767802 0.00685103906817 0.955640221251 0.0789343332947 0.910238207218 0.275704945113 -0.298701456955 
1.62 0.94012775329 0.00605132386334 0.957630388281 0.0785017456616 0.910598018065 0.275008601726 -0.298360510793 
1.64 0.940913740539 0.00526759702232 0.959580761213 0.0780670772875 0.91094916175 0.274327326926 -0.298029652639 
1.66 0.941684047535 0.00449953935324 0.961492135358 0.0776307650996 0.911291888538 0.273660801894 -0.2977084542 
1.68 0.942438986173 0.00374683796409 0.963365290532 0.0771932710193 0.911626376111 0.27300853945 -0.29739685048 
1.7 0.943178861814 0.00300918619046 0.965200990291 0.0767547546394 0.911952920974 0.272370302137 -0.29709425454 
1.72 0.943903974267 0.00228628359797 0.966999983238 0.0763157667628 0.912271754098 0.271745926868 -0.296800103856 
1.74 0.944614617377 0.00157783553945 0.96876300368 0.0758768005736 0.912582983667 0.271134853539 -0.296514586915 
1.76 0.945311079207 0.000883553396699 0.970490770568 0.0754382682857 0.91288683946 0.270536913849 -0.296237175695 
1.78 0.945993641655 0.000203154038921 0.972183988722 0.0750002470349 0.91318350727 0.269951633758 -0.295967836811 
1.8 0.946662581435 -0.000463639838837 0.973843348677 0.0745629707427 0.91347321017 0.269378800016 -0.295706137573 
1.82 0.947318170009 -0.00111709993726 0.975469527531 0.0741272185243 0.91375607139 0.268818226375 -0.295451787337 
1.84 0.947960673081 -0.00175749275404 0.977063188559 0.0736928881755 0.914032305927 0.268269545071 -0.295204595394 
1.86 0.948590351192 -0.00238507938476 0.97862498188 0.0732603186518 0.914302078473 0.26773251826 -0.294964292208 
1.88 0.949207459835 -0.00300011570967 0.980155544631 0.0728297711139 0.914565556789 0.267206905828 -0.294730616415 
1.9 0.949812249327 -0.00360285263063 0.981655501558 0.0724014577185 0.914822832766 0.266692201026 -0.294503791966 
1.92 0.950404965172 -0.00419353582927 0.983125464265 0.0719756926115 0.915074126827 0.266188445362 -0.294283118172 
1.94 0.950985847751 -0.00477240629329 0.984566032457 0.0715524768852 0.915319592516 0.265695287425 -0.294068530869 
1.96 0.95155513292 -0.0053397001052 0.985977793967 0.0711321444946 0.915559351564 0.26521249093 -0.293859875517 
1.98 0.952113051779 -0.00589564865614 0.987361324721 0.0707148274513 0.915793557875 0.264739842151 -0.293656923145 
2.0 0.952659830766 -0.00644047875671 0.988717189201 0.0703006634196 0.916022343196 0.264277078059 -0.293459553433 
2.02 0.95319569191 -0.00697441268279 0.990045940601 0.0698897018215 0.916245844272 0.263823927174 -0.293267655708 
2.04 0.953720852891 -0.0074976681955 0.991348120946 0.0694822024861 0.916464212948 0.263380328275 -0.293080829465 
2.06 0.954235526928 -0.00801045881293 0.992624261516 0.069078160301 0.916677580871 0.262946011286 -0.292898985396 
2.08 0.954739923116 -0.00851299377507 0.993874883182 0.0686777770503 0.916886023599 0.262520642722 -0.292722214418 
2.1 0.955234246347 -0.00900547809739 0.995100496085 0.0682811689284 0.917089686173 0.262104122112 -0.292550198523 
2.12 0.955718697508 -0.00948811270597 0.99630160026 0.0678884544092 0.917288695512 0.261696305895 -0.292382712081 
2.14 0.956193473344 -0.00996109458657 0.997478685737 0.0674995350009 0.917483174746 0.261296928126 -0.292219698489 
2.16 0.956658766885 -0.0104246167228 0.998632232904 0.0671146385875 0.917673205195 0.260905779167 -0.292061103455 
2.18 0.95711476722 -0.0108788682521 0.999762712348 0.0667338198757 0.917858913684 0.260522741212 -0.291906685718 
2.2 0.957561659657 -0.0113240345623 1.00087058534 0.0663571220431 0.918040398863 0.260147600397 -0.291756378536 
2.22 0.95799962597 -0.0117602972853 1.00195630394 0.0659846970805 0.918217763461 0.259780243339 -0.291609985746 
2.24 0.958428844108 -0.0121878344947 1.00302031117 0.065616581202 0.918391090843 0.259420428808 -0.29146751045 
2.26 0.9588494886 -0.0126068206589 1.00406304104 0.0652527074879 0.918560516486 0.259068078962 -0.291328666941 
2.28 0.959261730372 -0.0130174268185 1.00508491901 0.0648929759609 0.918726135337 0.258722954199 -0.291193445824 
2.3 0.959665737183 -0.0134198205239 1.00608636217 0.0645376341096 0.918888004592 0.258384888088 -0.291061812006 
2.32 0.960061673365 -0.0138141659791 1.00706777907 0.0641867499242 0.919046232025 0.258053825631 -0.290933510639 
2.34 0.960449699868 -0.0142006241744 1.00802957013 0.0638401753057 0.919200910282 0.257729537921 -0.29080853467 
2.36 0.960829974573 -0.0145793528261 1.0089721279 0.063498120349 0.919352093058 0.257411867102 -0.290686856215 
2.38 0.961202652099 -0.0149505065186 1.00989583678 0.0631603759634 0.919499919459 0.257100768977 -0.290568166896 
2.4 0.961567884076 -0.0153142367566 1.01080107383 0.0628270789096 0.91964442289 0.25679598763 -0.290452602572 
2.42 0.961925819121 -0.0156706919882 1.01168820836 0.0624981990219 0.919785703247 0.256497454517 -0.29033995772 
2.44 0.962276602869 -0.0160200177125 1.01255760243 0.062173820507 0.919923815179 0.256204995718 -0.290230237016 
2.46 0.962620378007 -0.0163623565247 1.01340961068 0.0618538139214 0.920058858629 0.255918511553 -0.290123280358 
2.48 0.962957284444 -0.0166978481608 1.01424458081 0.0615382093115 0.92019089642 0.255637855992 -0.290019050278 
2.5 0.963287459295 -0.017026629551 1.0150628535 0.0612270347992 0.920320006366 0.255362957209 -0.289917395439 
2.52 0.963611036885 -0.0173488349319 1.01586476268 0.0609202098501 0.92044624091 0.255093583257 -0.28981840764 
2.54 0.963928148963 -0.0176645957851 1.01665063547 0.0606177638384 0.92056970207 0.254829790272 -0.289721742934 
2.56 0.964238924564 -0.0179740410254 1.0174207926 0.0603197044682 0.920690427979 0.254571361338 -0.289627503989 
2.58 0.96454349018 -0.0182772969773 1.0181755483 0.0600258816562 0.920808500904 0.254318184825 -0.289535592046 
2.6 0.96484196984 -0.0185744874153 1.01891521063 0.0597364750663 0.920923952441 0.254070138447 -0.289446008985 
2.62 0.965134485005 -0.0188657336622 1.01964008132 0.0594513460298 0.921036865693 0.253827142423 -0.289358620502 
2.64 0.96542115477 -0.0191511546066 1.02035045616 0.0591704315307 0.921147307444 0.253589102639 -0.289273339669 
2.66 0.965702095844 -0.0194308667651 1.02104662504 0.0588937504129 0.921255319706 0.253355875739 -0.289190183622 
2.68 0.965977422621 -0.019704984321 1.02172887204 0.0586212589827 0.921360958752 0.253127352343 -0.289109106012 
2.7 0.966247247198 -0.0199736191645 1.0223974755 0.0583528968585 0.921464299401 0.252903504207 -0.289029932562 
2.72 0.966511679463 -0.0202368809601 1.0230527083 0.0580886966968 0.92156537419 0.25268418173 -0.288952710168 
2.74 0.966770827088 -0.0204948771748 1.02369483779 0.0578286170274 0.92166423962 0.25246930507 -0.288877362313 
2.76 0.967024795611 -0.0207477131281 1.02432412601 0.0575726386983 0.921760942085 0.252258771463 -0.288803859287 
2.78 0.967273688447 -0.0209954920431 1.02494082975 0.0573206823621 0.921855526714 0.252052444961 -0.288732215435 
2.8 0.967517606976 -0.0212383150523 1.02554520061 0.0570727187033 0.92194806263 0.251850334357 -0.288662231121 
2.82 0.967756650526 -0.0214762812947 1.02613748522 0.0568286282109 0.922038596248 0.251652302367 -0.288593923634 
2.84 0.967990916489 -0.0217094878995 1.02671792529 0.056588509659 0.922127162255 0.251458295204 -0.288527230916 
2.86 0.968220500272 -0.0219380300765 1.02728675765 0.0563522150506 0.922213815574 0.251268211682 -0.2884621154 
2.88 0.968445495399 -0.0221620011201 1.02784421444 0.0561197845 0.922298585776 0.251081954404 -0.288398579462 
2.9 0.968665993526 -0.0223814924561 1.02839052311 0.0558911111689 0.922381536193 0.250899498903 -0.288336481965 
2.92 0.968882084474 -0.0225965936891 1.02892590661 0.0556662095461 0.922462693075 0.250720731172 -0.288275853933 
2.94 0.969093856278 -0.0228073926345 1.02945058344 0.0554450282449 0.92254208859 0.250545531232 -0.288216724711 
2.96 0.96930139521 -0.023013975344 1.02996476766 0.0552275013463 0.922619770837 0.250373849477 -0.288159013486 
2.98 0.969504785828 -0.0232164261437 1.03046866909 0.0550135839383 0.922695789186 0.250205661094 -0.288102609079 
3.0 0.969704111003 -0.0234148276791 1.03096249336 0.0548032417405 0.922770179352 0.250040891291 -0.288047484758 
3.02 0.969899451952 -0.0236092609511 1.031446442 0.0545964272095 0.922842963068 0.249879398773 -0.287993718195 
3.04 0.970090888258 -0.0237998053315 1.0319207125 0.0543930883441 0.922914180662 0.249721130624 -0.28794125094 
3.06 0.97027849795 -0.0239865385941 1.03238549836 0.0541931975339 0.922983881626 0.249566096351 -0.287889935829 
3.08 0.970462357455 -0.0241695369757 1.03284098926 0.0539966866812 0.923052093353 0.249414185286 -0.287839807814 
3.1 0.970642541713 -0.0243488751787 1.03328737109 0.0538035491037 0.923118843429 0.249265328419 -0.287790852977 
3.12 0.97081912415 -0.0245246264109 1.03372482599 0.0536137218322 0.923184173428 0.249119493972 -0.287742990332 
3.14 0.970992176723 -0.024696862424 1.03415353248 0.0534271697608 0.923248102202 0.248976565562 -0.287696279283 
3.16 0.971161769961 -0.0248656535257 1.03457366551 0.053243826949 0.923310670839 0.248836517295 -0.287650634742 
3.18 0.971327972988 -0.0250310686181 1.03498539652 0.0530636506733 0.923371913832 0.248699310947 -0.287605998648 
3.2 0.971490853531 -0.0251931752308 1.03538889351 0.0528865834909 0.923431857424 0.248564865679 -0.287562378506 
3.22 0.971650477989 -0.0253520395385 1.03578432118 0.052712640019 0.923490519008 0.248433105068 -0.287519792696 
3.24 0.971806911419 -0.0255077263935 1.03617184088 0.0525417378389 0.923547933992 0.24830398528 -0.287478190995 
3.26 0.971960217584 -0.025660299347 1.03655161072 0.0523738088678 0.923604142089 0.248177495692 -0.287437477536 
3.28 0.972110458978 -0.0258098206848 1.03692378572 0.0522088866457 0.923659149456 0.248053530044 -0.287397727922 
3.3 0.972257696835 -0.0259563514469 1.03728851774 0.0520468580929 0.923712991794 0.247932040637 -0.287358898555 
3.32 0.972401991184 -0.0260999514458 1.03764595563 0.0518877179025 0.923765695219 0.247813000796 -0.287320938505 
3.34 0.97254340084 -0.0262406793041 1.03799624523 0.0517313825255 0.923817288428 0.24769635468 -0.287283827498 
3.36 0.972681983451 -0.0263785924696 1.03833952951 0.0515778287189 0.923867791431 0.247582043636 -0.287247564325 
3.38 0.972817795515 -0.0265137472386 1.03867594857 0.0514270397688 0.923917227674 0.247470032607 -0.287212114908 
3.4 0.972950892395 -0.0266461987864 1.03900563967 0.0512789302482 0.923965623456 0.24736026399 -0.287177467401 
3.42 0.973081328355 -0.0267760011793 1.03932873736 0.0511334748951 0.924013004527 0.247252715763 -0.287143569941 
3.44 0.973209156573 -0.0269032074066 1.03964537351 0.0509906187119 0.924059390226 0.247147321324 -0.287110434678 
3.46 0.973334429167 -0.0270278693942 1.03995567731 0.05085031767 0.92410480763 0.247044060765 -0.287078006382 
3.48 0.973457197211 -0.0271500380318 1.04025977543 0.0507125889653 0.924149263692 0.24694285564 -0.287046333866 
3.5 0.973577510762 -0.0272697631896 1.04055779194 0.050577349845 0.924192789673 0.246843689959 -0.287015351377 
3.52 0.973695418874 -0.0273870937422 1.04084984847 0.05044457267 0.92423540021 0.246746502323 -0.286985075708 
3.54 0.973810969622 -0.0275020775854 1.04113606421 0.0503141818888 0.924277122577 0.246651267742 -0.286955459789 
3.56 0.973924210125 -0.0276147616556 1.04141655596 0.0501861781687 0.92431797079 0.246557943699 -0.286926500683 
3.58 0.974035186556 -0.0277251919529 1.04169143819 0.0500605201837 0.924357961872 0.246466480742 -0.286898198868 
3.6 0.974143944169 -0.027833413555 1.04196082309 0.049937182599 0.924397114224 0.246376847897 -0.286870531474 
3.62 0.974250527307 -0.0279394706393 1.04222482057 0.0498160814062 0.92443545486 0.246289025106 -0.286843448492 
3.64 0.974354979438 -0.0280434064994 1.04248353838 0.0496972155584 0.924472993269 0.246202957146 -0.286816971909 
3.66 0.974457343154 -0.0281452635623 1.0427370821 0.0495805251705 0.924509753169 0.246118626831 -0.286791055206 
3.68 0.974557660202 -0.0282450834078 1.04298555522 0.0494660002915 0.924545742203 0.246035969502 -0.286765735575 
3.7 0.97465597149 -0.0283429067821 1.04322905913 0.0493536286041 0.924580975783 0.245954959255 -0.286740992155 
3.72 0.974752317108 -0.028438773617 1.0434676932 0.0492432913736 0.924615487823 0.245875602328 -0.286716734969 
3.74 0.974846736352 -0.0285327230462 1.04370155482 0.04913502085 0.924649279115 0.245797831332 -0.286693017827 
3.76 0.974939267723 -0.0286247934211 1.04393073943 0.0490287538305 0.924682368832 0.245721616467 -0.286669819252 
3.78 0.975029948962 -0.0287150223246 1.04415534057 0.0489244769455 0.924714769432 0.245646925531 -0.286647132775 
3.8 0.975118817049 -0.028803446589 1.0443754499 0.0488221299784 0.924746499443 0.2455737315 -0.286624935743 
3.82 0.975205908233 -0.0288901023082 1.04459115724 0.04872171376 0.92477757016 0.245502008562 -0.286603217236 
3.84 0.975291258031 -0.0289750248556 1.04480255062 0.0486231656565 0.924808000266 0.245431733095 -0.286581951274 
3.86 0.975374901252 -0.0290582488986 1.04500971633 0.0485264579177 0.924837796903 0.245362846335 -0.28656117312 
3.88 0.975456872012 -0.029139808408 1.0452127389 0.0484315643895 0.92486697596 0.24529533539 -0.286540850116 
3.9 0.975537203745 -0.0292197366763 1.04541170119 0.0483384458033 0.924895553596 0.245229183106 -0.286520954467 
3.92 0.975615929218 -0.0292980663299 1.04560668441 0.0482470813684 0.924923540831 0.245164359185 -0.286501482966 
3.94 0.975693080539 -0.029374829343 1.04579776811 0.0481574214609 0.924950954265 0.245100846312 -0.286482408012 
3.96 0.975768689177 -0.0294500570508 1.04598503031 0.0480694778293 0.924977795285 0.24503858825 -0.286463773976 
3.98 0.975842785975 -0.0295237801602 1.0461685474 0.0479831868392 0.925004086032 0.244977590501 -0.286445517957 
4.0 0.975915401152 -0.0295960287658 1.04634839429 0.0478985046073 0.925029837194 0.24491781463 -0.286427648166 
4.02 0.975986564331 -0.0296668323594 1.04652464439 0.0478154410551 0.925055052372 0.244859218955 -0.286410189362 
4.04 0.976056304539 -0.0297362198419 1.04669736962 0.0477339550539 0.925079748609 0.244801801191 -0.286393097651 
4.06 0.976124650227 -0.0298042195365 1.04686664047 0.0476540116611 0.925103939988 0.244745549384 -0.286376345826 
4.08 0.97619162927 -0.0298708592017 1.04703252603 0.0475755839533 0.92512763157 0.244690412602 -0.286359967693 
4.1 0.976257268991 -0.0299361660385 1.04719509399 0.0474986467183 0.925150837537 0.244636387736 -0.286343926354 
4.12 0.976321596169 -0.0300001667049 1.04735441071 0.0474231726274 0.925173568172 0.244583452434 -0.286328214203 
4.14 0.976384637043 -0.030062887326 1.0475105412 0.0473491458632 0.925195829433 0.244531570537 -0.28631284742 
4.16 0.976446417329 -0.030124353504 1.04766354919 0.047276526396 0.925217633258 0.244480723398 -0.286297811809 
4.18 0.97650696223 -0.030184590329 1.04781349713 0.0472052877845 0.925238988858 0.244430887676 -0.28628310368 
4.2 0.976566296446 -0.0302436223883 1.0479604462 0.0471354133497 0.925259908585 0.244382062563 -0.286268688247 
4.22 0.976624444181 -0.0303014737794 1.04810445638 0.0470668802571 0.925280396531 0.244334203547 -0.286254595692 
4.24 0.976681429157 -0.0303581681163 1.04824558645 0.0469996484627 0.925300465911 0.244287303345 -0.286240797676 
4.26 0.976737274622 -0.0304137285407 1.04838389401 0.0469337013066 0.925320125728 0.244241347928 -0.286227281313 
4.28 0.976792003358 -0.0304681777324 1.0485194355 0.0468690201464 0.92533938165 0.2441963065 -0.286214059072 
4.3 0.976845637693 -0.0305215379169 1.04865226624 0.0468055853914 0.925358241476 0.244152159509 -0.286201127035 
4.32 0.976898199509 -0.0305738308744 1.04878244045 0.0467433729296 0.925376717806 0.2441089101 -0.286188447077 
4.34 0.976949710249 -0.0306250779511 1.04891001124 0.0466823646 0.925394814115 0.244066519902 -0.286176044959 
4.36 0.977000190929 -0.0306753000654 1.04903503069 0.0466225246851 0.925412541363 0.244024979357 -0.286163900465 
4.38 0.977049662142 -0.0307245177175 1.04915754982 0.0465638396045 0.925429904437 0.243984261775 -0.286152023967 
4.4 0.977098144073 -0.030772750997 1.04927761864 0.0465062778515 0.925446915074 0.243944365897 -0.286140384861 
4.42 0.977145656501 -0.0308200195924 1.04939528614 0.0464498224272 0.925463578019 0.243905264337 -0.286128995009 
4.44 0.977192218812 -0.0308663427977 1.04951060036 0.0463944621772 0.925479901334 0.243866950634 -0.286117836728 
4.46 0.977237850003 -0.0309117395219 1.04962360835 0.0463401706216 0.925495890969 0.243829399956 -0.286106917258 
4.48 0.977282568691 -0.0309562282948 1.04973435623 0.0462869245371 0.925511556268 0.243792607355 -0.286096215337 
4.5 0.977326393122 -0.0309998272762 1.04984288922 0.0462347144271 0.9255269014 0.243756550297 -0.286085739165 
4.52 0.977369341176 -0.0310425542627 1.04994925159 0.0461835114941 0.925541934387 0.24372121572 -0.286075479491 
4.54 0.977411430375 -0.0310844266948 1.05005348677 0.0461332996858 0.925556661136 0.243686587873 -0.286065434084 
4.56 0.977452677894 -0.031125461664 1.0501556373 0.0460840631743 0.92557108802 0.243652654283 -0.28605559635 
4.58 0.977493100561 -0.0311656759202 1.05025574486 0.04603577547 0.92558522203 0.243619400405 -0.286045961139 
4.6 0.97753271487 -0.0312050858782 1.05035385031 0.0459884327562 0.925599066937 0.243586808887 -0.286036532411 
4.62 0.977571536983 -0.0312437076246 1.0504499937 0.0459420035332 0.925612630547 0.243554868031 -0.286027300692 
4.64 0.977609582743 -0.0312815569238 1.05054421427 0.0458964807887 0.925625918839 0.243523571374 -0.286018253979 
4.66 0.977646867671 -0.0313186492254 1.05063655046 0.0458518409925 0.925638936818 0.243492898946 -0.286009397551 
4.68 0.977683406981 -0.0313549996698 1.05072703997 0.0458080721527 0.925651689766 0.243462839366 -0.286000726584 
4.7 0.977719215583 -0.0313906230946 1.05081571972 0.0457651591432 0.925664182455 0.243433377566 -0.28599224153 
4.72 0.977754308087 -0.0314255340405 1.05090262592 0.0457230786711 0.925676422224 0.24340450765 -0.285983927993 
4.74 0.977788698813 -0.0314597467576 1.05098779402 0.045681821029 0.92568841312 0.243376215237 -0.28597578726 
4.76 0.977822401793 -0.0314932752109 1.0510712588 0.0456413593055 0.925700161224 0.243348487303 -0.285967815599 
4.78 0.97785543078 -0.0315261330858 1.05115305431 0.0456016938561 0.925711670617 0.24332131655 -0.285960006493 
4.8 0.97788779925 -0.0315583337945 1.05123321394 0.0455628017949 0.925722946411 0.243294688508 -0.285952359887 
4.82 0.977919520413 -0.0315898904804 1.05131177041 0.0455246738611 0.925733992715 0.243268591832 -0.28594487411 
4.84 0.97795060721 -0.0316208160246 1.05138875578 0.0454872852956 0.92574481593 0.243243018772 -0.285937539463 
4.86 0.977981072327 -0.03165112305 1.05146420147 0.0454506312894 0.925755418568 0.243217953482 -0.28593036252 
4.88 0.978010928197 -0.0316808239273 1.05153813827 0.0454146930411 0.925765807484 0.243193395003 -0.285923325345 
4.9 0.978040187001 -0.0317099307799 1.05161059636 0.0453794549605 0.925775986047 0.243169326932 -0.285916433886 
4.92 0.978068860678 -0.0317384554884 1.05168160531 0.0453449080461 0.925785958826 0.24314574322 -0.285909680333 
4.94 0.97809696093 -0.0317664096961 1.05175119411 0.0453110353643 0.925795729252 0.243122628066 -0.285903070105 
4.96 0.978124499223 -0.0317938048132 1.05181939115 0.0452778272742 0.925805301887 0.243099976062 -0.285896594933 
4.98 0.978151486794 -0.0318206520217 1.05188622427 0.0452452703307 0.92581468119 0.24307777963 -0.285890249319 
5.0 0.978177934657 -0.0318469622802 1.05195172075 0.0452133525553 0.925823869871 0.243056023563 -0.285884039669 
5.02 0.978203853602 -0.0318727463278 1.05201590732 0.0451820622183 0.92583287305 0.243034705593 -0.285877953524 
5.04 0.978229254208 -0.031898014689 1.05207881018 0.0451513802085 0.92584169454 0.243013813118 -0.285871992596 
5.06 0.97825414684 -0.0319227776777 1.052140455 0.0451213009467 0.92585033785 0.242993339992 -0.285866151939 
5.08 0.978278541655 -0.0319470454015 1.05220086694 0.0450918180465 0.925858805306 0.242973274001 -0.285860435708 
5.1 0.978302448608 -0.0319708277662 1.05226007066 0.0450629097467 0.925867101342 0.242953605575 -0.285854841407 
5.12 0.978325877455 -0.0319941344787 1.05231809032 0.0450345674285 0.925875230786 0.242934334943 -0.285849354836 
5.14 0.978348837758 -0.0320169750525 1.05237494961 0.0450067851283 0.925883196132 0.242915452269 -0.285843977481 
5.16 0.978371338885 -0.0320393588105 1.05243067172 0.0449795514926 0.925891000135 0.24289694645 -0.285838711903 
5.18 0.97839339002 -0.0320612948892 1.0524852794 0.0449528541812 0.925898646314 0.242878810146 -0.285833555129 
5.2 0.97841500016 -0.0320827922423 1.05253879495 0.0449266863219 0.925906137378 0.242861035307 -0.285828506542 
5.22 0.978436178124 -0.0321038596446 1.0525912402 0.0449010319868 0.925913477214 0.242843615259 -0.285823561955 
5.24 0.978456932555 -0.0321245056951 1.05264263655 0.0448758825169 0.925920668952 0.242826543872 -0.285818718014 
5.26 0.978477271923 -0.0321447388211 1.05269300499 0.0448512293942 0.925927715258 0.24280981308 -0.285813974486 
5.28 0.978497204528 -0.0321645672812 1.05274236608 0.0448270583233 0.925934619815 0.242793417175 -0.285809326732 
5.3 0.978516738503 -0.0321839991688 1.05279073995 0.0448033641101 0.925941385246 0.242777350437 -0.285804772121 
5.32 0.978535881822 -0.0322030424156 1.05283814635 0.0447801356617 0.925948014284 0.242761604748 -0.285800310626 
5.34 0.978554642295 -0.0322217047943 1.05288460464 0.0447573671027 0.925954509564 0.242746174747 -0.285795939358 
5.36 0.97857302758 -0.0322399939226 1.05293013378 0.0447350499413 0.925960873741 0.242731054036 -0.285791656655 
5.38 0.978591045178 -0.0322579172656 1.05297475234 0.0447131706597 0.925967109743 0.242716235139 -0.285787461663 
5.4 0.978608702444 -0.032275482139 1.05301847854 0.0446917245276 0.925973219901 0.242701712728 -0.285783352253 
5.42 0.978626006582 -0.0322926957124 1.05306133022 0.0446706991056 0.925979207315 0.242687481443 -0.285779325027 
5.44 0.978642964655 -0.0323095650118 1.05310332488 0.0446500896066 0.925985073839 0.242673534071 -0.285775381002 
5.46 0.978659583583 -0.0323260969229 1.05314447965 0.0446298893379 0.925990822123 0.242659866725 -0.28577151608 
5.48 0.978675870149 -0.0323422981935 1.05318481134 0.0446100882042 0.925996454827 0.242646473973 -0.285767727966 
5.5 0.978691830999 -0.0323581754364 1.0532243364 0.0445906796122 0.926001973966 0.242633349285 -0.285764016835 
5.52 0.978707472647 -0.0323737351324 1.05326307096 0.0445716512372 0.926007382313 0.242620487124 -0.285760380452 
5.54 0.978722801477 -0.0323889836325 1.05330103084 0.0445530005806 0.926012681151 0.242607880018 -0.285756821512 
5.56 0.978737823743 -0.0324039271607 1.05333823153 0.0445347190749 0.926017873709 0.242595527406 -0.28575333148 
5.58 0.978752545577 -0.0324185718164 1.05337468822 0.0445167968305 0.926022961507 0.242583419442 -0.28574991544 
5.6 0.978766972988 -0.0324329235772 1.05341041577 0.0444992299484 0.926027947145 0.242571555431 -0.285746566272 
5.62 0.978781111862 -0.0324469883011 1.05344542878 0.0444820121199 0.926032832304 0.242559928858 -0.285743285144 
5.64 0.97879496797 -0.0324607717288 1.05347974154 0.0444651346554 0.926037619415 0.242548535971 -0.285740068816 
5.66 0.978808546968 -0.0324742794864 1.05351336805 0.0444485930156 0.926042309298 0.24253736728 -0.285736923485 
5.68 0.978821854396 -0.0324875170873 1.05354632203 0.0444323759439 0.926046905596 0.24252642434 -0.285733837866 
5.7 0.978834895686 -0.0325004899348 1.05357861694 0.0444164788669 0.926051409426 0.242515699621 -0.285730815529 
5.72 0.97884767616 -0.0325132033239 1.05361026595 0.0444008976259 0.9260558226 0.242505189631 -0.285727854295 
5.74 0.978860201034 -0.0325256624439 1.05364128199 0.0443856277991 0.926060146437 0.242494888399 -0.285724955729 
5.76 0.97887247542 -0.0325378723801 1.05367167771 0.0443706607439 0.926064383346 0.242484793461 -0.285722115529 
5.78 0.978884504327 -0.0325498381164 1.05370146553 0.0443559919214 0.926068535517 0.242474903698 -0.285719328332 
5.8 0.978896292664 -0.0325615645367 1.05373065759 0.0443416105562 0.926072604512 0.242465211496 -0.285716597278 
5.82 0.978907845243 -0.0325730564275 1.05375926581 0.0443275161802 0.926076591162 0.242455711397 -0.285713924444 
5.84 0.978919166778 -0.0325843184794 1.05378730187 0.0443137008064 0.926080497929 0.24244640237 -0.285711304036 
5.86 0.978930261889 -0.0325953552892 1.05381477722 0.0443001586352 0.92608432574 0.242437276871 -0.285708740411 
5.88 0.978941135106 -0.0326061713617 1.05384170306 0.0442868850928 0.926088076673 0.242428334178 -0.285706228214 
5.9 0.978951790865 -0.0326167711119 1.05386809039 0.0442738751839 0.926091752271 0.242419570741 -0.285703766291 
5.92 0.978962233516 -0.032627158866 1.05389394997 0.044261123175 0.926095354015 0.242410982465 -0.285701354263 
5.94 0.97897246732 -0.0326373388642 1.05391929237 0.0442486252961 0.926098883455 0.242402566879 -0.285698989837 
5.96 0.978982496454 -0.0326473152616 1.05394412792 0.0442363752811 0.926102342125 0.242394320216 -0.28569667226 
5.98 0.978992325011 -0.0326570921302 1.05396846676 0.0442243686215 0.926105731347 0.24238623876 -0.285694401146 
6.0 0.979001957003 -0.0326666734606 1.05399231883 0.0442126005483 0.926109052395 0.242378318557 -0.285692176509 
6.02 0.97901139636 -0.0326760631636 1.05401569386 0.0442010667492 0.926112306518 0.242370555952 -0.285689998112 
6.04 0.979020646936 -0.0326852650718 1.0540386014 0.0441897631919 0.926115494804 0.242362946758 -0.285687866652 
6.06 0.979029712505 -0.0326942829412 1.05406105078 0.0441786848904 0.926118619087 0.242355490286 -0.285685777578 
6.08 0.979038596767 -0.0327031204525 1.05408305118 0.0441678241573 0.926121681168 0.242348184318 -0.285683728165 
6.1 0.979047303349 -0.0327117812128 1.05410461158 0.044157180142 0.926124681681 0.242341024553 -0.285681720175 
6.12 0.979055835803 -0.0327202687574 1.05412574076 0.0441467468055 0.926127622006 0.242334007804 -0.28567975281 
6.14 0.979064197613 -0.0327285865505 1.05414644737 0.0441365227819 0.926130502977 0.242327130798 -0.285677826392 
6.16 0.97907239219 -0.0327367379871 1.05416673985 0.044126500053 0.926133326548 0.242320392513 -0.285675936724 
6.18 0.97908042288 -0.0327447263944 1.05418662647 0.0441166773058 0.926136093128 0.242313787783 -0.285674087098 
6.2 0.97908829296 -0.0327525550331 1.05420611537 0.0441070488652 0.926138804504 0.242307316287 -0.285672272904 
6.22 0.979096005642 -0.0327602270984 1.05422521449 0.0440976131606 0.92614146116 0.242300973369 -0.285670496793 
6.24 0.979103564074 -0.032767745722 1.05424393164 0.044088363171 0.926144065048 0.242294759075 -0.285668753514 
6.26 0.97911097134 -0.0327751139726 1.05426227444 0.0440792977161 0.926146616541 0.242288668649 -0.2856670461 
6.28 0.979118230464 -0.0327823348577 1.05428025038 0.0440704132556 0.926149116652 0.242282699457 -0.285665374073 
6.3 0.979125344409 -0.0327894113247 1.05429786681 0.0440617069036 0.926151566331 0.242276849022 -0.285663736928 
6.32 0.979132316078 -0.0327963462619 1.05431513091 0.0440531724545 0.926153966975 0.242271115457 -0.285662132718 
6.34 0.979139148317 -0.0328031425 1.05433204973 0.0440448074906 0.926156319346 0.24226549581 -0.285660561871 
6.36 0.979145843913 -0.032809802813 1.05434863018 0.0440366095077 0.926158624719 0.242259989846 -0.285659020866 
6.38 0.9791524056 -0.0328163299193 1.05436487901 0.0440285749488 0.926160883893 0.242254594391 -0.285657510372 
6.4 0.979158836056 -0.0328227264831 1.05438080288 0.0440206997984 0.926163097821 0.24224930693 -0.285656030071 
6.42 0.979165137905 -0.0328289951153 1.05439640826 0.0440129824903 0.926165267136 0.242244124747 -0.285654580478 
6.44 0.97917131372 -0.0328351383745 1.05441170154 0.0440054182836 0.926167393025 0.242239046334 -0.285653159777 
6.46 0.97917736602 -0.0328411587682 1.05442668896 0.0439980046347 0.926169476369 0.242234069941 -0.285651767002 
6.48 0.979183297277 -0.0328470587537 1.05444137663 0.0439907393062 0.926171517721 0.242229192367 -0.285650403436 
6.5 0.97918910991 -0.0328528407393 1.05445577054 0.0439836180838 0.92617351827 0.242224412718 -0.285649066652 
6.52 0.979194806293 -0.0328585070848 1.05446987658 0.0439766387507 0.92617547877 0.242219729043 -0.285647756216 
6.54 0.97920038875 -0.0328640601032 1.0544837005 0.0439697983385 0.926177399893 0.24221513865 -0.285646472706 
6.56 0.97920585956 -0.0328695020609 1.05449724794 0.0439630936757 0.92617928254 0.242210640003 -0.285645215011 
6.58 0.979211220955 -0.0328748351792 1.05451052443 0.0439565237124 0.926181127359 0.242206231539 -0.285643982523 
6.6 0.979216475124 -0.032880061635 1.0545235354 0.0439500853264 0.926182935001 0.242201910637 -0.285642775851 
6.62 0.979221624212 -0.0328851835613 1.05453628614 0.0439437746203 0.926184706588 0.242197676767 -0.285641592427 
6.64 0.979226670319 -0.032890203049 1.05454878187 0.0439375887281 0.926186442917 0.242193528395 -0.285640431411 
6.66 0.979231615505 -0.0328951221466 1.05456102769 0.0439315262374 0.926188144266 0.242189462158 -0.285639294991 
6.68 0.97923646179 -0.0328999428621 1.05457302859 0.0439255849574 0.926189811409 0.242185476927 -0.285638181963 
6.7 0.979241211149 -0.0329046671631 1.05458478948 0.0439197611239 0.926191445307 0.242181571757 -0.285637090597 
6.72 0.979245865523 -0.0329092969779 1.05459631515 0.0439140547201 0.926193046276 0.242177744503 -0.285636021706 
6.74 0.979250426811 -0.0329138341962 1.0546076103 0.0439084610196 0.926194615296 0.242173993934 -0.28563497389 
6.76 0.979254896874 -0.03291828067 1.05461867955 0.0439029789332 0.926196152861 0.242170318382 -0.285633947145 
6.78 0.979259277537 -0.0329226382141 1.05462952742 0.0438976056105 0.926197659716 0.242166716589 -0.285632940563 
6.8 0.979263570588 -0.0329269086072 1.05464015833 0.043892340298 0.926199136209 0.242163186466 -0.285631954916 
6.82 0.97926777778 -0.0329310935923 1.05465057663 0.0438871800009 0.926200583171 0.242159727256 -0.285630988621 
6.84 0.979271900828 -0.0329351948775 1.05466078656 0.0438821220482 0.926202001258 0.242156337545 -0.285630041166 
6.86 0.979275941416 -0.0329392141369 1.05467079229 0.0438771658793 0.926203390734 0.242153015124 -0.285629113665 
6.88 0.979279901194 -0.032943153011 1.0546805979 0.0438723081594 0.926204752451 0.242149759359 -0.285628204413 
6.9 0.979283781776 -0.0329470131074 1.05469020741 0.0438675472995 0.926206086758 0.242146568042 -0.285627314401 
6.92 0.979287584748 -0.0329507960018 1.05469962472 0.0438628806913 0.926207394547 0.242143441281 -0.285626441053 
6.94 0.979291311662 -0.0329545032382 1.05470885369 0.0438583075682 0.926208676145 0.242140377333 -0.285625584912 
6.96 0.979294964038 -0.0329581363297 1.05471789808 0.0438538253996 0.926209931941 0.242137373861 -0.285624747092 
6.98 0.979298543367 -0.0329616967593 1.05472676158 0.0438494334677 0.926211162475 0.242134430375 -0.285623926376 
7.0 0.979302051111 -0.0329651859802 1.05473544781 0.0438451285926 0.926212368421 0.242131545776 -0.285623122004 
7.02 0.9793054887 -0.0329686054166 1.05474396032 0.0438409098381 0.926213550181 0.242128718853 -0.285622333848 
7.04 0.979308857538 -0.0329719564641 1.05475230258 0.0438367750604 0.926214708324 0.242125948653 -0.285621561204 
7.06 0.979312159 -0.0329752404906 1.05476047799 0.0438327231608 0.926215843214 0.242123233783 -0.285620804253 
7.08 0.979315394434 -0.0329784588365 1.0547684899 0.0438287519331 0.926216955493 0.24212057374 -0.285620061678 
7.1 0.979318565159 -0.0329816128154 1.05477634157 0.043824859617 0.926218045579 0.242117967158 -0.28561933356 
7.12 0.979321672471 -0.0329847037146 1.0547840362 0.0438210453244 0.926219113622 0.242115411815 -0.285618621435 
7.14 0.979324717637 -0.0329877327957 1.05479157694 0.0438173073867 0.926220160269 0.24211290769 -0.285617923482 
7.16 0.9793277019 -0.0329907012952 1.05479896687 0.043813643262 0.926221186049 0.242110453702 -0.285617239303 
7.18 0.979330626478 -0.0329936104245 1.054806209 0.0438100523685 0.926222191378 0.242108049336 -0.285616568071 
7.2 0.979333492565 -0.0329964613713 1.05481330629 0.0438065334815 0.926223176494 0.24210569283 -0.285615910706 
7.22 0.979336301331 -0.032999255299 1.05482026163 0.0438030849222 0.926224141861 0.242103383396 -0.285615266633 
7.24 0.979339053922 -0.0330019933481 1.05482707787 0.0437997050124 0.926225087905 0.242101120096 -0.285614635524 
7.26 0.979341751462 -0.0330046766362 1.05483375778 0.0437963928646 0.926226015018 0.2420989023 -0.285614016781 
7.28 0.979344395052 -0.0330073062584 1.05484030409 0.0437931466008 0.926226923594 0.242096728875 -0.28561341038 
7.3 0.97934698577 -0.0330098832881 1.05484671948 0.0437899653149 0.926227813893 0.242094598585 -0.285612816668 
7.32 0.979349524674 -0.0330124087772 1.05485300655 0.0437868476162 0.926228686405 0.242092511151 -0.285612234508 
7.34 0.9793520128 -0.0330148837564 1.05485916789 0.0437837919913 0.926229541425 0.242090465257 -0.285611664298 
7.36 0.979354451164 -0.033017309236 1.054865206 0.0437807972087 0.926230379274 0.24208845993 -0.285611106007 
7.38 0.979356840761 -0.033019686206 1.05487112335 0.0437778622684 0.926231200479 0.242086495424 -0.28561055787 
7.4 0.979359182567 -0.0330220156365 1.05487692235 0.0437749862024 0.926232005126 0.242084569751 -0.28561002145 
7.42 0.979361477537 -0.0330242984784 1.05488260538 0.0437721675002 0.926232793655 0.24208268252 -0.285609495877 
7.44 0.979363726608 -0.0330265356634 1.05488817474 0.0437694049485 0.926233566433 0.242080833153 -0.285608980641 
7.46 0.979365930697 -0.0330287281046 1.05489363271 0.0437666975926 0.926234323702 0.24207902059 -0.285608476011 
7.48 0.979368090705 -0.033030876697 1.05489898153 0.043764044483 0.92623506581 0.242077244383 -0.285607981378 
7.5 0.979370207514 -0.0330329823175 1.05490422337 0.043761444115 0.926235793081 0.242075503671 -0.285607496657 
7.52 0.979372281986 -0.0330350458255 1.05490936037 0.0437588957828 0.926236505829 0.242073798019 -0.28560702131 
7.54 0.979374314969 -0.0330370680634 1.05491439463 0.0437563984944 0.926237204244 0.242072126227 -0.285606555895 
7.56 0.979376307293 -0.0330390498564 1.05491932821 0.0437539508133 0.926237888747 0.24207048809 -0.285606099433 
7.58 0.97937825977 -0.0330409920136 1.05492416312 0.0437515520642 0.926238559503 0.242068882509 -0.285605652433 
7.6 0.979380173199 -0.0330428953275 1.05492890133 0.0437492005868 0.92623921688 0.242067308932 -0.285605214427 
7.62 0.979382048358 -0.0330447605752 1.05493354477 0.0437468964737 0.926239861075 0.242065766931 -0.285604785123 
7.64 0.979383886015 -0.0330465885179 1.05493809535 0.0437446385223 0.926240492313 0.242064255531 -0.285604364802 
7.66 0.979385686919 -0.0330483799017 1.05494255491 0.043742425581 0.926241110971 0.242062774589 -0.285603952546 
7.68 0.979387451805 -0.0330501354578 1.05494692528 0.0437402570591 0.926241717226 0.242061323291 -0.285603548557 
7.7 0.979389181393 -0.0330518559028 1.05495120825 0.0437381316818 0.926242311363 0.242059901005 -0.285603152651 
7.72 0.97939087639 -0.0330535419388 1.05495540555 0.0437360488201 0.92624289359 0.242058507109 -0.285602764769 
7.74 0.979392537487 -0.0330551942541 1.05495951891 0.0437340077105 0.926243464204 0.242057141385 -0.285602384256 
7.76 0.979394165363 -0.033056813523 1.05496355001 0.0437320072668 0.926244023373 0.242055802787 -0.285602011622 
7.78 0.979395760681 -0.0330584004066 1.05496750048 0.0437300468071 0.926244571326 0.242054490844 -0.285601646631 
7.8 0.979397324092 -0.0330599555525 1.05497137194 0.0437281255833 0.926245108269 0.242053204962 -0.285601289226 
7.82 0.979398856236 -0.0330614795954 1.05497516597 0.0437262424167 0.926245634509 0.242051944842 -0.285600938855 
7.84 0.979400357737 -0.0330629731574 1.05497888413 0.0437243971345 0.926246150257 0.242050710274 -0.285600595038 
7.86 0.979401829208 -0.0330644368482 1.05498252792 0.0437225886203 0.926246655659 0.242049500223 -0.285600258346 
7.88 0.97940327125 -0.0330658712652 1.05498609883 0.0437208165077 0.926247150867 0.242048314112 -0.285599928834 
7.9 0.979404684451 -0.0330672769938 1.05498959832 0.0437190799135 0.926247636177 0.242047151849 -0.285599605758 
7.92 0.979406069388 -0.0330686546078 1.05499302783 0.0437173777139 0.926248111819 0.242046012896 -0.285599289002 
7.94 0.979407426626 -0.0330700046695 1.05499638874 0.0437157094366 0.926248577979 0.242044896863 -0.285598978365 
7.96 0.97940875672 -0.03307132773 1.05499968244 0.0437140745237 0.926249034778 0.242043803003 -0.285598674174 
7.98 0.979410060212 -0.0330726243292 1.05500291027 0.0437124723508 0.926249482396 0.242042730856 -0.285598376329 
8.0 0.979411337635 -0.0330738949964 1.05500607353 0.0437109021568 0.926249921082 0.242041680268 -0.285598084273 
8.02 0.979412589509 -0.0330751402503 1.05500917353 0.043709363369 0.926250351031 0.242040650923 -0.285597797732 
8.04 0.979413816345 -0.0330763605991 1.05501221154 0.0437078555514 0.926250772318 0.242039641984 -0.285597517237 
8.06 0.979415018645 -0.0330775565409 1.05501518878 0.0437063778028 0.926251185158 0.242038653109 -0.285597242517 
8.08 0.979416196899 -0.0330787285639 1.05501810647 0.0437049292779 0.926251589803 0.242037684181 -0.28559697299 
8.1 0.979417351588 -0.0330798771464 1.05502096582 0.0437035096096 0.926251986335 0.242036734504 -0.285596709032 
8.12 0.979418483183 -0.0330810027572 1.05502376797 0.0437021186606 0.926252374913 0.242035803917 -0.285596450284 
8.14 0.979419592147 -0.0330821058558 1.05502651409 0.0437007554817 0.926252755723 0.242034891963 -0.28559619668 
8.16 0.979420678931 -0.0330831868924 1.05502920528 0.0436994195391 0.926253128926 0.242033998314 -0.285595948056 
8.18 0.97942174398 -0.0330842463083 1.05503184264 0.0436981101859 0.926253494669 0.242033122514 -0.285595704425 
8.2 0.979422787728 -0.0330852845358 1.05503442726 0.0436968271971 0.926253853076 0.242032264251 -0.28559546568 
8.22 0.979423810601 -0.0330863019988 1.05503696019 0.0436955695566 0.92625420434 0.24203142314 -0.285595231678 
8.24 0.979424813016 -0.0330872991125 1.05503944246 0.0436943372806 0.926254548535 0.242030598769 -0.285595002527 
8.26 0.979425795383 -0.0330882762839 1.05504187508 0.0436931297229 0.926254885841 0.242029790927 -0.285594777919 
8.28 0.979426758103 -0.0330892339119 1.05504425905 0.0436919460146 0.926255216427 0.242028999235 -0.285594557763 
8.3 0.979427701569 -0.0330901723874 1.05504659534 0.0436907860599 0.926255540358 0.242028223217 -0.285594342269 
8.32 0.979428626165 -0.0330910920933 1.05504888491 0.04368964913 0.926255857855 0.242027462879 -0.285594130823 
8.34 0.97942953227 -0.0330919934051 1.05505112869 0.0436885351003 0.926256168966 0.242026717672 -0.285593923756 
8.36 0.979430420252 -0.0330928766906 1.05505332758 0.0436874433038 0.926256473872 0.242025987453 -0.285593720704 
8.38 0.979431290475 -0.0330937423104 1.05505548251 0.0436863732186 0.926256772694 0.242025271865 -0.285593521657 
8.4 0.979432143293 -0.0330945906179 1.05505759433 0.0436853245591 0.926257065505 0.242024570443 -0.285593326817 
8.42 0.979432979055 -0.0330954219591 1.05505966391 0.0436842967827 0.926257352501 0.242023883233 -0.285593135592 
8.44 0.979433798102 -0.0330962366736 1.05506169211 0.0436832896415 0.926257633724 0.242023209653 -0.28559294838 
8.46 0.979434600768 -0.0330970350937 1.05506367974 0.0436823026435 0.926257909331 0.242022549612 -0.285592764819 
8.48 0.979435387381 -0.0330978175454 1.05506562762 0.0436813354545 0.92625817942 0.242021902792 -0.285592584918 
8.5 0.979436158261 -0.0330985843481 1.05506753654 0.0436803874377 0.9262584441 0.242021268797 -0.28559240875 
8.52 0.979436913724 -0.0330993358148 1.05506940728 0.0436794585769 0.926258703477 0.242020647549 -0.28559223605 
8.54 0.979437654078 -0.0331000722521 1.05507124061 0.0436785482082 0.926258957682 0.242020038782 -0.28559206671 
8.56 0.979438379625 -0.0331007939606 1.05507303727 0.0436776560058 0.926259206801 0.242019442166 -0.28559190079 
8.58 0.97943909066 -0.033101501235 1.055074798 0.043676781613 0.926259450942 0.242018857503 -0.285591738154 
8.6 0.979439787475 -0.0331021943639 1.05507652351 0.0436759246493 0.926259690192 0.242018284472 -0.285591578855 
8.62 0.979440470354 -0.0331028736302 1.05507821451 0.0436750849592 0.926259924642 0.242017722911 -0.285591422757 
8.64 0.979441139575 -0.0331035393111 1.05507987169 0.0436742619923 0.926260154425 0.242017172667 -0.285591269645 
8.66 0.979441795412 -0.0331041916785 1.05508149573 0.0436734555029 0.926260379597 0.242016633368 -0.285591119692 
8.68 0.979442438132 -0.0331048309985 1.05508308729 0.0436726651765 0.926260600254 0.242016104829 -0.285590972785 
8.7 0.979443067998 -0.0331054575321 1.05508464702 0.0436718905236 0.926260816515 0.242015586882 -0.285590828764 
8.72 0.979443685266 -0.033106071535 1.05508617555 0.043671131423 0.926261028452 0.24201507935 -0.285590687555 
8.74 0.97944429019 -0.0331066732579 1.05508767351 0.0436703874119 0.92626123615 0.242014581919 -0.285590549227 
8.76 0.979444883014 -0.0331072629462 1.05508914152 0.0436696583111 0.926261439669 0.242014094334 -0.285590413827 
8.78 0.979445463982 -0.0331078408409 1.05509058016 0.0436689438064 0.926261639146 0.242013616669 -0.285590280892 
8.8 0.979446033331 -0.0331084071776 1.05509199003 0.0436682436254 0.926261834612 0.242013148471 -0.285590150753 
8.82 0.979446591293 -0.0331089621876 1.0550933717 0.0436675574068 0.926262026165 0.242012689603 -0.28559002326 
8.84 0.979447138096 -0.0331095060974 1.05509472574 0.043666884985 0.926262213883 0.242012239942 -0.285589898291 
8.86 0.979447673962 -0.033110039129 1.0550960527 0.0436662259813 0.926262397843 0.242011799244 -0.285589775862 
8.88 0.979448199112 -0.0331105614999 1.05509735312 0.0436655801147 0.926262578146 0.24201136746 -0.285589655729 
8.9 0.979448713758 -0.0331110734235 1.05509862753 0.0436649472048 0.92626275483 0.24201094427 -0.285589538069 
8.92 0.979449218112 -0.0331115751085 1.05509987645 0.0436643269721 0.926262927975 0.242010529539 -0.285589422775 
8.94 0.979449712378 -0.0331120667599 1.0551011004 0.0436637191119 0.926263097655 0.242010123076 -0.285589309823 
8.96 0.979450196759 -0.0331125485782 1.05510229986 0.0436631233436 0.926263263956 0.242009724794 -0.285589199043 
8.98 0.979450671452 -0.0331130207602 1.05510347534 0.0436625394506 0.926263426922 0.242009334411 -0.285589090571 
9.0 0.979451136652 -0.0331134834985 1.0551046273 0.0436619673748 0.926263586616 0.242008951854 -0.28558898427 
9.02 0.979451592548 -0.0331139369821 1.05510575623 0.043661406652 0.926263743131 0.24200857698 -0.285588880032 
9.04 0.979452039325 -0.0331143813959 1.05510686258 0.0436608571197 0.926263896523 0.242008209637 -0.285588777828 
9.06 0.979452477168 -0.0331148169215 1.0551079468 0.0436603185428 0.926264046844 0.242007849607 -0.285588677711 
9.08 0.979452906253 -0.0331152437366 1.05510900934 0.0436597907789 0.926264194145 0.242007496733 -0.285588579673 
9.1 0.979453326757 -0.0331156620154 1.05511005062 0.0436592735764 0.926264338502 0.242007150938 -0.285588483566 
9.12 0.97945373885 -0.0331160719286 1.05511107109 0.0436587667447 0.926264479979 0.242006812116 -0.285588389304 
9.14 0.979454142702 -0.0331164736436 1.05511207114 0.0436582700385 0.926264618613 0.24200648 -0.285588297031 
9.16 0.979454538477 -0.0331168673242 1.05511305119 0.0436577832395 0.926264754479 0.242006154541 -0.285588206577 
9.18 0.979454926336 -0.0331172531312 1.05511401164 0.0436573060995 0.926264887639 0.242005835605 -0.285588117898 
9.2 0.979455306438 -0.0331176312221 1.05511495288 0.0436568386567 0.926265018108 0.242005522998 -0.285588031098 
9.22 0.979455678938 -0.0331180017512 1.05511587529 0.0436563804649 0.926265145995 0.242005216735 -0.28558794588 
9.24 0.979456043988 -0.0331183648697 1.05511677926 0.0436559314187 0.926265271313 0.242004916529 -0.285587862464 
9.26 0.979456401737 -0.0331187207258 1.05511766515 0.043655491408 0.926265394119 0.242004622334 -0.28558778072 
9.28 0.979456752331 -0.0331190694648 1.05511853332 0.0436550601635 0.926265514475 0.242004334037 -0.285587700582 
9.3 0.979457095913 -0.033119411229 1.05511938413 0.043654637495 0.926265632421 0.242004051469 -0.285587622094 
9.32 0.979457432624 -0.0331197461579 1.05512021792 0.0436542233312 0.926265748005 0.242003774568 -0.285587545163 
9.34 0.9794577626 -0.0331200743882 1.05512103503 0.0436538174327 0.926265861284 0.24200350323 -0.285587469733 
9.36 0.979458085977 -0.033120396054 1.0551218358 0.0436534196611 0.926265972292 0.242003237303 -0.285587395837 
9.38 0.979458402886 -0.0331207112864 1.05512262056 0.0436530298481 0.926266081082 0.242002976707 -0.2855873234 
9.4 0.979458713457 -0.0331210202142 1.05512338962 0.0436526478334 0.92626618771 0.242002721399 -0.285587252303 
9.42 0.979459017817 -0.0331213229634 1.0551241433 0.0436522734262 0.926266292197 0.242002471136 -0.285587182711 
9.44 0.979459316089 -0.0331216196576 1.05512488191 0.043651906496 0.9262663946 0.242002225908 -0.285587114467 
9.46 0.979459608397 -0.0331219104179 1.05512560575 0.043651546908 0.926266494949 0.242001985557 -0.285587047628 
9.48 0.979459894857 -0.0331221953631 1.0551263151 0.0436511945525 0.926266593282 0.242001749987 -0.285586982174 
9.5 0.979460175589 -0.0331224746093 1.05512701028 0.0436508492411 0.926266689652 0.242001519151 -0.285586917997 
9.52 0.979460450706 -0.0331227482706 1.05512769154 0.0436505108087 0.926266784107 0.242001292986 -0.285586855018 
9.54 0.979460720321 -0.0331230164587 1.05512835919 0.0436501791407 0.926266876668 0.242001071315 -0.285586793342 
9.56 0.979460984543 -0.033123279283 1.05512901348 0.0436498541496 0.926266967373 0.242000854077 -0.285586732908 
9.58 0.979461243481 -0.0331235368509 1.05512965468 0.0436495356425 0.92626705626 0.242000641162 -0.285586673713 
9.6 0.979461497241 -0.0331237892673 1.05513028306 0.0436492234999 0.926267143375 0.242000432526 -0.28558661567 
9.62 0.979461745925 -0.0331240366355 1.05513089887 0.0436489175583 0.926267228754 0.242000228082 -0.285586558753 
9.64 0.979461989635 -0.0331242790563 1.05513150237 0.0436486177327 0.926267312419 0.242000027689 -0.285586503029 
9.66 0.979462228471 -0.0331245166286 1.05513209379 0.0436483239153 0.926267394407 0.241999831291 -0.285586448442 
9.68 0.979462462531 -0.0331247494495 1.05513267339 0.0436480359772 0.926267474754 0.241999638822 -0.285586394946 
9.7 0.979462691909 -0.033124977614 1.0551332414 0.043647753773 0.926267553496 0.241999450201 -0.285586342518 
9.72 0.9794629167 -0.0331252012152 1.05513379804 0.0436474772105 0.926267630667 0.241999265368 -0.285586291115 
9.74 0.979463136995 -0.0331254203444 1.05513434355 0.0436472062369 0.926267706288 0.241999084234 -0.285586240749 
9.76 0.979463352884 -0.033125635091 1.05513487816 0.0436469406569 0.926267780403 0.24199890674 -0.285586191359 
9.78 0.979463564455 -0.0331258455427 1.05513540207 0.0436466803902 0.926267853034 0.241998732788 -0.28558614297 
9.8 0.979463771795 -0.0331260517853 1.0551359155 0.0436464253273 0.926267924203 0.241998562274 -0.285586095609 
9.82 0.979463974988 -0.0331262539031 1.05513641866 0.0436461753985 0.92626799395 0.241998395189 -0.285586049174 
9.84 0.979464174117 -0.0331264519785 1.05513691176 0.043645930431 0.926268062305 0.241998231442 -0.285586003667 
9.86 0.979464369264 -0.0331266460925 1.055137395 0.043645690363 0.926268129293 0.241998070977 -0.28558595906 
