0 0.3 0.2 0.4 0.5 0.612372435696 0.612372435696 0.0 0.75 -0.75 1.57 -0.75 0.75 -1.57 
0.02 0.307084687553 0.194692564918 0.400083125046 0.510334712221 0.609391466139 0.606794685286 0.000855809208447 0.748954114681 -0.749189114245 1.57 -0.750689365147 0.750698606312 -1.57 
0.04 0.314155389207 0.189406763952 0.400341522143 0.520375730947 0.606369755613 0.60126682469 0.00173886366054 0.748242468083 -0.748199598083 1.57 -0.751669915458 0.751218886868 -1.57 
0.06 0.321198191872 0.184151845407 0.40077200735 0.530121740897 0.603315449531 0.595797293176 0.00264454727201 0.747842527505 -0.74704610757 1.57 -0.752921470145 0.75157045435 -1.57 
0.08 0.328201325119 0.178938833553 0.401368553131 0.539572556584 0.600238655737 0.590391619403 0.00357044518988 0.747733347825 -0.74574398445 1.57 -0.754425427031 0.751762073984 -1.57 
0.1 0.335151878582 0.17377339362 0.402128774715 0.54872922901 0.597144503667 0.585059253497 0.00451052864294 0.747894947986 -0.744304978479 1.57 -0.756162725086 0.751801935342 -1.57 
0.12 0.342040280015 0.168665969298 0.403045067025 0.557593815199 0.594042695329 0.579803901345 0.00546345700759 0.748309694784 -0.742742388043 1.57 -0.758116359577 0.751699648889 -1.57 
0.14 0.348856570465 0.163622618607 0.404112248461 0.566169471364 0.590939083539 0.574631920978 0.00642531200882 0.748960828102 -0.741068481157 1.57 -0.760268531147 0.75146172856 -1.57 
0.16 0.355592572004 0.158650972862 0.40532291555 0.574459994891 0.587841171337 0.569547012618 0.00739404957621 0.749831543776 -0.739293220788 1.57 -0.762603507561 0.751096452308 -1.57 
0.18 0.362240584731 0.153756280059 0.406670523305 0.58246958052 0.584754974514 0.564553641936 0.00836617751948 0.750903518485 -0.737426108577 1.57 -0.765108402863 0.750611037979 -1.57 
0.2 0.368794641376 0.148944867602 0.408146808264 0.590203660764 0.581686984178 0.5596540403 0.00934057998837 0.75216343699 -0.735477863505 1.57 -0.76776815488 0.750012738322 -1.57 
0.22 0.375248592877 0.144220308266 0.409745163781 0.597667974367 0.578641581461 0.554851809928 0.0103141475676 0.753596386816 -0.733456858895 1.57 -0.770569514268 0.749308028724 -1.57 
0.24 0.381597408172 0.139586300562 0.411458343735 0.604868875802 0.575623137366 0.550149345133 0.0112847181908 0.755189655575 -0.731371601487 1.57 -0.773499643543 0.748504387282 -1.57 
0.26 0.387837543976 0.135046882412 0.413277776877 0.611813015335 0.572636689523 0.545547393414 0.0122514333174 0.756929842832 -0.729228966774 1.57 -0.776545724399 0.747606524726 -1.57 
0.28 0.393964719887 0.130603033079 0.415197699599 0.618507419397 0.569684337011 0.541048796535 0.0132109077499 0.758805940077 -0.727037786852 1.57 -0.779697224925 0.746622141159 -1.57 
0.3 0.399976894276 0.126258229476 0.417209239093 0.624959356911 0.566770531882 0.536652932844 0.0141631941775 0.760806187406 -0.724802428994 1.57 -0.782941882881 0.745556102085 -1.57 
0.32 0.40587248859 0.122014279449 0.419304556627 0.631175797399 0.563898959113 0.532359701009 0.0151071317984 0.762917626329 -0.722529332136 1.57 -0.786271872608 0.744413879475 -1.57 
0.34 0.411648952748 0.117871236276 0.42147789003 0.637164534244 0.561070551707 0.528170329187 0.0160404387539 0.765131907291 -0.720223203484 1.57 -0.789676149439 0.743202305 -1.57 
0.36 0.417305759731 0.113829885363 0.423721859731 0.642932967065 0.558287867753 0.524084090538 0.0169623885581 0.767439037728 -0.717890854412 1.57 -0.793146443365 0.741925354776 -1.57 
0.38 0.422842743905 0.109891064513 0.426029225703 0.648488553239 0.555553217191 0.520099784799 0.0178726897819 0.769830085605 -0.71553704761 1.57 -0.796674887168 0.740589008777 -1.57 
0.4 0.428259563804 0.1060546898 0.428393604625 0.653838911923 0.552867773701 0.516216588007 0.0187706239514 0.772296948169 -0.713164495854 1.57 -0.800252331837 0.739198091576 -1.57 
0.42 0.433556693345 0.102320209569 0.430808773134 0.658991377798 0.550232762608 0.512433343365 0.0196555220944 0.77483182566 -0.710778990737 1.57 -0.803872061255 0.737756697102 -1.57 
0.44 0.438734195908 0.0986863280173 0.433269444476 0.663953214044 0.547648532249 0.508749345229 0.0205260423493 0.777426609705 -0.708383197262 1.57 -0.807527155068 0.73626894874 -1.57 
0.46 0.443793345161 0.0951523695192 0.435769615202 0.668731380907 0.545116290104 0.505162726358 0.0213820100033 0.780073686944 -0.705981489225 1.57 -0.811212572121 0.734739199778 -1.57 
0.48 0.448735359556 0.0917177358557 0.438303531086 0.673333213665 0.542636395459 0.501671430593 0.0222238931388 0.782768407511 -0.703575737243 1.57 -0.814920011324 0.733171828676 -1.57 
0.5 0.453561509745 0.088380914601 0.440866255816 0.677765452713 0.54020905616 0.498273830425 0.023051174913 0.785504054129 -0.701168545984 1.57 -0.818644361956 0.731570486281 -1.57 
0.52 0.458273464486 0.0851398871716 0.443453273369 0.682034526169 0.537834383206 0.494968313878 0.0238631433734 0.788274216108 -0.698765193857 1.57 -0.822381973753 0.729937360169 -1.57 
0.54 0.462872828327 0.0819937343084 0.446059717226 0.68614714788 0.535512262595 0.49175255183 0.024660410266 0.791074874372 -0.696365074582 1.57 -0.826126343323 0.728278061775 -1.57 
0.56 0.467361103546 0.0789398521098 0.448682070257 0.690109400938 0.533242084018 0.488625221149 0.0254418518628 0.793900189513 -0.693972010837 1.57 -0.829874157952 0.726594493103 -1.57 
0.58 0.471740346339 0.0759766346242 0.451316161343 0.693927323212 0.531023674387 0.485584063818 0.0262077146593 0.796745591193 -0.691587566432 1.57 -0.833621235253 0.724889992759 -1.57 
0.6 0.476012505864 0.0731023130156 0.453958206188 0.69760678134 0.528856577011 0.482626934988 0.0269581379976 0.799606672549 -0.689212148555 1.57 -0.837363331715 0.723167821287 -1.57 
0.62 0.480180455139 0.0703152487771 0.456604155166 0.701153068361 0.526741167787 0.479751159421 0.0276937162575 0.802478348898 -0.686849474406 1.57 -0.841098934147 0.721430059705 -1.57 
0.64 0.48424515772 0.0676124649057 0.459252013527 0.704572098957 0.524675167242 0.476955768788 0.0284133924455 0.805359148568 -0.684500172214 1.57 -0.844821748719 0.719678700799 -1.57 
0.66 0.488209350512 0.0649924990268 0.461898138629 0.707868987143 0.522658514015 0.474238032763 0.0291180880103 0.80824545152 -0.682165533101 1.57 -0.84852920378 0.71791652832 -1.57 
0.68 0.492075467415 0.0624534930771 0.464539507883 0.711048667595 0.520690725736 0.471595619807 0.0298082509209 0.811133780432 -0.679846570924 1.57 -0.852218807035 0.716145883483 -1.57 
0.7 0.495845685419 0.0599931677338 0.467173832792 0.714115894464 0.51877089547 0.469026637959 0.0304837689791 0.814021675328 -0.677546079633 1.57 -0.855888938938 0.71436947957 -1.57 
0.72 0.499521965682 0.0576093046735 0.46979882744 0.717075170462 0.51689817696 0.466529198624 0.0311445242869 0.816904615715 -0.6752623789 1.57 -0.859537081328 0.712588555158 -1.57 
0.74 0.503107274678 0.0553002976939 0.472411727164 0.719930770614 0.515072377286 0.464100668794 0.0317915225316 0.819780367251 -0.672998377024 1.57 -0.86316214642 0.710805114338 -1.57 
0.76 0.506602782091 0.0530632416036 0.475011590916 0.722687279809 0.513291264993 0.461740043439 0.0324238364375 0.822648082858 -0.670754288527 1.57 -0.866760153203 0.709020507515 -1.57 
0.78 0.510010780161 0.0508960449717 0.477596675909 0.725348529201 0.511554204259 0.459445391775 0.033041477987 0.825505063594 -0.66853224299 1.57 -0.870331243363 0.707237147178 -1.57 
0.8 0.51333375992 0.0487971772746 0.480164662366 0.727918443858 0.5098605799 0.457214292407 0.033645489664 0.828348723529 -0.666330235063 1.57 -0.873872394242 0.705455754758 -1.57 
0.82 0.516574001406 0.046764626695 0.482714093233 0.730400757628 0.508209402885 0.455044855204 0.0342361771887 0.831178410544 -0.664150989846 1.57 -0.877382570091 0.703678199594 -1.57 
0.84 0.519733391708 0.044796298981 0.485243796882 0.732798955825 0.506599636984 0.452935450072 0.0348134487983 0.833992010702 -0.661994540933 1.57 -0.880861040579 0.701906446249 -1.57 
0.86 0.522813776966 0.0428899582577 0.487752696585 0.735116412719 0.505030153111 0.450884529688 0.0353771831452 0.836787080185 -0.659860374589 1.57 -0.884305946986 0.700139986427 -1.57 
0.88 0.525817659986 0.041044193411 0.490239226711 0.737356432963 0.50350025635 0.448889888307 0.0359284121592 0.839563581172 -0.657749959382 1.57 -0.887716299708 0.698381236771 -1.57 
0.9 0.528746919952 0.0392570587831 0.492702448712 0.739521970633 0.502009115574 0.446949943567 0.0364671191233 0.84231902348 -0.655662750101 1.57 -0.891091906709 0.69663132597 -1.57 
0.92 0.531603563925 0.0375266092861 0.495141498699 0.741616065386 0.500555628967 0.445063084572 0.0369935754027 0.845052940793 -0.65360013954 1.57 -0.89443119009 0.694890047863 -1.57 
0.94 0.534389320453 0.03585104347 0.497555677834 0.743641582919 0.499138707545 0.44322782507 0.0375078907451 0.847764373684 -0.651561737848 1.57 -0.89773338242 0.693159036767 -1.57 
0.96 0.537106230321 0.034228687307 0.499944191095 0.745601109983 0.497757669531 0.441442519849 0.0380103786433 0.850452124988 -0.649548603797 1.57 -0.900998712361 0.691439305407 -1.57 
0.98 0.539756040133 0.0326578914235 0.50230634229 0.747497332708 0.496411443192 0.439705650949 0.0385013920002 0.853115451268 -0.64755969717 1.57 -0.904225642155 0.68973140753 -1.57 
1.0 0.542340301303 0.0311368096568 0.504641824087 0.749332732069 0.495098927659 0.438015986146 0.0389808204395 0.855753621169 -0.645595320808 1.57 -0.907413770838 0.68803608571 -1.57 
1.02 0.544861116866 0.0296640424031 0.506949852013 0.751109474172 0.493819747412 0.436371830483 0.0394492133815 0.858365064027 -0.643655945761 1.57 -0.910563693697 0.686353816938 -1.57 
1.04 0.547319934489 0.0282379204509 0.509230202999 0.752829940117 0.492572694855 0.434771989837 0.039906620996 0.860949807018 -0.641741395045 1.57 -0.913674476376 0.684685539395 -1.57 
1.06 0.549718637522 0.0268570677273 0.511482269273 0.754496122733 0.491357320627 0.433214935491 0.040353487033 0.863506110946 -0.639851135694 1.57 -0.916746392977 0.683031309636 -1.57 
1.08 0.552058906919 0.0255201240416 0.513705697363 0.756110403997 0.490172348015 0.431699275181 0.0407904647894 0.866035954127 -0.637986163709 1.57 -0.919777436624 0.681391794114 -1.57 
1.1 0.554342319699 0.0242256066551 0.515900260106 0.757674388318 0.489017503268 0.430223808409 0.0412174412435 0.868536478783 -0.636145900225 1.57 -0.922769617299 0.679767556897 -1.57 
1.12 0.556569905744 0.0229717258349 0.518066301375 0.759190126128 0.487891373568 0.428787791647 0.0416339971956 0.871008423532 -0.634331210666 1.57 -0.925722203474 0.678158934218 -1.57 
1.14 0.558743414935 0.0217574618523 0.520203320032 0.760659558304 0.486793189058 0.427389730654 0.042040998789 0.873452362703 -0.632541529879 1.57 -0.928634101117 0.676566599123 -1.57 
1.16 0.560864311024 0.0205815518705 0.522311128143 0.762084297818 0.48572239018 0.426028453789 0.0424386528864 0.875866998383 -0.630775878047 1.57 -0.931505724606 0.674990811696 -1.57 
1.18 0.562934087023 0.0194426148316 0.524389771715 0.763465851485 0.484678425276 0.424702915758 0.0428269895615 0.878251950848 -0.629036061146 1.57 -0.934338117763 0.673431402675 -1.57 
1.2 0.564953903322 0.0183394569271 0.526439198297 0.764806069964 0.483660096233 0.423412088244 0.0432063674247 0.880607903958 -0.627320172273 1.57 -0.937129322781 0.671888579906 -1.57 
1.22 0.56692548366 0.0172711339123 0.528459142904 0.766106132622 0.482667435908 0.422154669699 0.043577227133 0.882933320415 -0.625628776741 1.57 -0.939881645002 0.670363213761 -1.57 
1.24 0.568849750547 0.016236207024 0.530450021073 0.767367698295 0.481699167853 0.42092999242 0.0439393762443 0.885229466329 -0.623962519223 1.57 -0.942594092918 0.668855180416 -1.57 
1.26 0.570728042205 0.0152336788107 0.532411754498 0.768592110604 0.480754764972 0.419736987041 0.0442931730899 0.887495837053 -0.622320578946 1.57 -0.945266897106 0.667364751936 -1.57 
1.28 0.57256174887 0.0142625369606 0.534344264281 0.76978057102 0.479833871238 0.418574596358 0.0446389490941 0.889731462095 -0.620702490065 1.57 -0.947900499876 0.665891297815 -1.57 
1.3 0.574351813536 0.013321655959 0.53624788666 0.770934437129 0.478935577298 0.417442100335 0.0449766529885 0.891937049231 -0.619108346812 1.57 -0.950495121266 0.664435894596 -1.57 
1.32 0.576099656595 0.0124102390238 0.538122509933 0.772054881453 0.478059507282 0.416338391396 0.0453068578997 0.894112592285 -0.61753807729 1.57 -0.953051159529 0.662998788202 -1.57 
1.34 0.577805977627 0.0115269552969 0.539968669338 0.773143123105 0.477204706748 0.415263002273 0.0456291353824 0.896258027498 -0.615991429919 1.57 -0.955568381607 0.661579184085 -1.57 
1.36 0.579472231037 0.0106712222515 0.54178618787 0.774200279475 0.476370841131 0.414214765077 0.045944285533 0.898373903779 -0.614468339711 1.57 -0.958047239181 0.660178111618 -1.57 
1.38 0.581099314704 0.0098419911975 0.543575386902 0.775227474655 0.475557159197 0.413193025765 0.0462522900452 0.900460413004 -0.612968538335 1.57 -0.960487505717 0.658795034496 -1.57 
1.4 0.582688239707 0.00903833018538 0.545336520058 0.776225585079 0.474763332394 0.412197070908 0.046553131133 0.902516780006 -0.611491998475 1.57 -0.962890386538 0.65742982837 -1.57 
1.42 0.584239811941 0.00825937651322 0.547069899903 0.777195719331 0.473988553401 0.411226255288 0.0468469002153 0.904543688938 -0.610037917098 1.57 -0.965255714773 0.656083228521 -1.57 
1.44 0.585755321052 0.00750442475308 0.548775518694 0.778138781427 0.473232532904 0.410279635549 0.0471341414953 0.90654126899 -0.608606687142 1.57 -0.967583504936 0.65475410015 -1.57 
1.46 0.587235535254 0.00677266776284 0.550453699524 0.77905558899 0.472494849946 0.409356623549 0.0474147740006 0.908508800672 -0.6071971123 1.57 -0.969874933314 0.653443314635 -1.57 
1.48 0.588681494115 0.00606338103942 0.552104646952 0.779947117949 0.471774895364 0.408456463994 0.0476891846056 0.910447570558 -0.605810024306 1.57 -0.9721296592 0.652150488182 -1.57 
1.5 0.590093956808 0.00537574354529 0.553728759104 0.780814092509 0.471072302033 0.4075786347 0.0479572281635 0.912357122524 -0.604445306109 1.57 -0.974348984092 0.650875932716 -1.57 
1.52 0.591473776158 0.00470905193896 0.555326245644 0.781657436823 0.470386424523 0.406722475236 0.0482191997227 0.914238070266 -0.603102153853 1.57 -0.976532175778 0.649619064516 -1.57 
1.54 0.592821762024 0.00406265730462 0.556897381701 0.78247791563 0.469716828876 0.405887376924 0.0484752460166 0.916090578747 -0.601780086687 1.57 -0.978679850525 0.648380371403 -1.57 
1.56 0.594138690001 0.00343577472167 0.558442592171 0.78327624343 0.469063064723 0.40507284615 0.0487253230039 0.917915147327 -0.600480160279 1.57 -0.980792628424 0.64715931978 -1.57 
1.58 0.595425733302 0.00282807885499 0.55996173013 0.784053043408 0.468425114311 0.404277948006 0.0489701762458 0.919711190724 -0.599200904309 1.57 -0.98287096698 0.64595583142 -1.57 
1.6 0.59668329616 0.00223873035622 0.561455406907 0.784809135951 0.467802140847 0.403502416815 0.0492095191173 0.921479678582 -0.597942246304 1.57 -0.984914767329 0.644770034265 -1.57 
1.62 0.597912228262 0.00166717841565 0.56292385589 0.785545068794 0.467193984838 0.402745655507 0.0494435273282 0.923220321349 -0.596704132685 1.57 -0.986925074336 0.643601798584 -1.57 
1.64 0.599113124959 0.00111274440607 0.564367490714 0.786261480756 0.466600179736 0.402007257672 0.0496721343384 0.924933286271 -0.595486308984 1.57 -0.988902241315 0.642450800136 -1.57 
1.66 0.60028674867 0.000574929095079 0.565786571889 0.786959013174 0.46602033581 0.401286665504 0.049895593835 0.926619206491 -0.594288732082 1.57 -0.990846572775 0.64131715551 -1.57 
1.68 0.601433612521 5.31093711835e-05 0.567181528529 0.787638261539 0.465453993078 0.40058351901 0.0501138063371 0.928278203552 -0.593110841292 1.57 -0.992758562592 0.640200949992 -1.57 
1.7 0.602554572516 -0.000453110236622 0.568552463498 0.788299859587 0.464900799965 0.399897165469 0.0503272750791 0.929910864427 -0.591952029146 1.57 -0.994637791053 0.639101591089 -1.57 
1.72 0.60365043703 -0.000944163676881 0.569899607932 0.788944242149 0.46436067056 0.399227053705 0.0505362247138 0.931517165903 -0.590812670106 1.57 -0.996485346813 0.638018916561 -1.57 
1.74 0.60472151678 -0.00142069532512 0.571223540533 0.789572000807 0.463832994175 0.398572984556 0.0507403689286 0.933097723647 -0.589692517995 1.57 -0.998301699171 0.636953408462 -1.57 
1.76 0.605768585041 -0.00188314234423 0.5725244451 0.790183506989 0.463317751942 0.39793443024 0.0509399180182 0.93465191365 -0.588591251906 1.57 -1.00008758123 0.635904033207 -1.57 
1.78 0.606792091831 -0.00233196336381 0.573802700835 0.790779478321 0.462814186982 0.397311027925 0.0511350377367 0.936181325458 -0.587508276371 1.57 -1.00184224785 0.634871233986 -1.57 
1.8 0.607792722422 -0.00276751872034 0.575058516978 0.791360280773 0.46232223429 0.396702290021 0.0513259270577 0.937685580068 -0.586443059291 1.57 -1.00356666753 0.633854940164 -1.57 
1.82 0.608771059722 -0.00319032545236 0.576292312581 0.791926351298 0.461841592591 0.396107877964 0.0515125857139 0.939165452468 -0.585396907301 1.57 -1.00526133199 0.632854346808 -1.57 
1.84 0.609727614528 -0.00360072025972 0.57750432606 0.79247807393 0.461372084532 0.395527389296 0.0516951281211 0.940620408701 -0.584368181139 1.57 -1.00692701947 0.631869920062 -1.57 
1.86 0.610662945248 -0.00399910323065 0.578694879877 0.793015937671 0.460913318952 0.394960443078 0.0518737256769 0.942051395259 -0.5833571768 1.57 -1.00856371258 0.630901317822 -1.57 
1.88 0.611577591013 -0.00438586280299 0.579864261696 0.793540282282 0.460465149193 0.394406675629 0.0520484485275 0.943458197164 -0.582363488001 1.57 -1.01017205443 0.62994807622 -1.57 
1.9 0.612471764696 -0.00476149358191 0.581012992912 0.794051598932 0.460027004276 0.393865943786 0.0522190759727 0.94484150911 -0.58138656297 1.57 -1.01175222646 0.629010604541 -1.57 
1.92 0.613346273222 -0.00512622163133 0.582141173054 0.794550130524 0.459599007831 0.393337702441 0.0523860088538 0.94620117371 -0.580426782326 1.57 -1.01330510287 0.62808811726 -1.57 
1.94 0.614201511448 -0.00548040742857 0.583249122577 0.795036341188 0.459180715604 0.392821654912 0.0525493486152 0.947537806666 -0.579483322511 1.57 -1.01483043033 0.627180481087 -1.57 
1.96 0.615037903915 -0.00582438811913 0.584337224236 0.795510555454 0.45877190888 0.392317530181 0.0527090817338 0.948851878074 -0.578556524209 1.57 -1.01632918978 0.626288131236 -1.57 
1.98 0.615855933681 -0.00615849754465 0.585405734107 0.795973092515 0.458372406956 0.391824999295 0.0528653238007 0.95014333615 -0.577645842911 1.57 -1.01780155749 0.625410274984 -1.57 
2.0 0.616655999061 -0.00648303936347 0.586454994792 0.796424356575 0.457981834538 0.391343783636 0.0530181713931 0.951413102116 -0.576751266944 1.57 -1.01924772651 0.624547182077 -1.57 
2.02 0.617438489519 -0.00679835091944 0.587485287881 0.796864631066 0.457600018927 0.390873616754 0.0531676420374 0.952660834102 -0.575871845907 1.57 -1.02066797918 0.623698178941 -1.57 
2.04 0.618203962576 -0.00710463845017 0.588496853833 0.79729416511 0.457226906863 0.390414130139 0.0533139466741 0.953886979891 -0.57500813875 1.57 -1.02206326215 0.622863415143 -1.57 
2.06 0.618952780061 -0.00740219061098 0.589489985595 0.797713300855 0.456862199291 0.389965064809 0.0534571672035 0.955091894051 -0.574159477733 1.57 -1.02343362376 0.622042696517 -1.57 
2.08 0.619685170967 -0.00769138248339 0.590465107267 0.798122346414 0.45650557224 0.389526288087 0.0535971413214 0.956275861008 -0.573325575678 1.57 -1.02477941329 0.621235823174 -1.57 
2.1 0.620401629184 -0.00797242023629 0.591422441203 0.798521591455 0.456156857338 0.389097462886 0.0537341033205 0.957439478707 -0.572506578112 1.57 -1.02610089149 0.620442536167 -1.57 
2.12 0.621102572881 -0.0082455205165 0.592362248526 0.798911240413 0.455815996974 0.388678312577 0.053868136921 0.958582758988 -0.571702356017 1.57 -1.02739892722 0.61966288117 -1.57 
2.14 0.621788319174 -0.00851093517015 0.593284800584 0.79929162113 0.455482675366 0.388268603177 0.0539993390718 0.959706104367 -0.570912082991 1.57 -1.02867336934 0.618896621952 -1.57 
2.16 0.622459163163 -0.00876896613389 0.59419044487 0.799662940368 0.455156751073 0.387868166213 0.0541276213453 0.960809518967 -0.570135710696 1.57 -1.02992482747 0.618143324576 -1.57 
2.18 0.623115519119 -0.00901978506871 0.595079417087 0.800025438319 0.454838087881 0.387476718349 0.0542531528401 0.961893469643 -0.569373246675 1.57 -1.0311538081 0.617403086793 -1.57 
2.2 0.623757688967 -0.00926364271598 0.595952011399 0.800379404924 0.454526401614 0.387094058263 0.0543759916333 0.962958491578 -0.568624415484 1.57 -1.0323602536 0.616675519237 -1.57 
2.22 0.624386035315 -0.00950073390033 0.596808488571 0.800724938344 0.454221767971 0.386719963563 0.0544961319502 0.964004159694 -0.567889104358 1.57 -1.0335453991 0.615960586915 -1.57 
2.24 0.625000807781 -0.00973131306616 0.597649174641 0.801062405541 0.453923731368 0.386354265013 0.0546136469836 0.965031663206 -0.567167276509 1.57 -1.03470869949 0.615257963979 -1.57 
2.26 0.625602423833 -0.00995548864227 0.598474232095 0.801391927768 0.453632358181 0.385996671457 0.05472870675 0.966040702713 -0.566458426682 1.57 -1.03585110057 0.614567775162 -1.57 
2.28 0.626191135106 -0.010173489021 0.599283929201 0.801713840807 0.453347248297 0.385647000174 0.0548414184377 0.967032091965 -0.565761988091 1.57 -1.03697196415 0.613889502529 -1.57 
2.3 0.62676717575 -0.0103855547897 0.600078609964 0.802028253117 0.453068374975 0.385305134699 0.0549516330457 0.968005664211 -0.565078122493 1.57 -1.03807235215 0.61322302976 -1.57 
2.32 0.627330925478 -0.0105918007392 0.600858483716 0.802335306786 0.452795727617 0.384970826019 0.055059491912 0.968961647781 -0.56440698598 1.57 -1.03915308218 0.612568504166 -1.57 
2.34 0.627882617333 -0.0107924360839 0.601623787635 0.802635264686 0.452529019323 0.384643905253 0.0551650678024 0.969900353669 -0.563747701952 1.57 -1.04021373815 0.611925305336 -1.57 
2.36 0.628422469762 -0.0109876674025 0.60237486102 0.802928295902 0.452268099626 0.384324257074 0.0552682831805 0.970822240823 -0.563100682832 1.57 -1.04125500379 0.611293511068 -1.57 
2.38 0.628950901246 -0.0111775592389 0.603111795433 0.803214597539 0.452012881762 0.384011571547 0.0553694675808 0.971727600013 -0.562465344392 1.57 -1.04227683846 0.610672797211 -1.57 
2.4 0.629468015098 -0.0113623518148 0.603834974581 0.803494353152 0.451763135779 0.383705807705 0.0554684300924 0.972616792694 -0.561841682809 1.57 -1.0432797949 0.61006332211 -1.57 
2.42 0.629974145082 -0.0115421778976 0.604544559998 0.803767675405 0.451518868656 0.383406746685 0.055565293294 0.973489604816 -0.561229272127 1.57 -1.04426420839 0.609464421083 -1.57 
2.44 0.630469471922 -0.0117172008556 0.605240864794 0.804034736832 0.451279903893 0.383114283411 0.0556600049964 0.974346552857 -0.56062826167 1.57 -1.04523068358 0.608876457222 -1.57 
2.46 0.63095429789 -0.0118875345325 0.605924048811 0.80429573009 0.451046090991 0.382828203506 0.0557527484655 0.975187970918 -0.560038178342 1.57 -1.04617908379 0.60829897356 -1.57 
2.48 0.631428828377 -0.012053341948 0.606594364898 0.804550785745 0.450817335754 0.38254838454 0.0558434994093 0.976013918426 -0.559458798611 1.57 -1.04710983708 0.607731729661 -1.57 
2.5 0.631893340696 -0.0122147368541 0.607252017408 0.804800039306 0.450593564801 0.382274650169 0.0559323513843 0.976824694745 -0.55889016766 1.57 -1.04802331839 0.607174531212 -1.57 
2.52 0.632347950842 -0.0123718810907 0.607897294104 0.805043692058 0.450374519985 0.382006922425 0.0560192542398 0.977620766354 -0.558331848145 1.57 -1.04891967468 0.606627585878 -1.57 
2.54 0.632793052797 -0.0125248190362 0.608530301736 0.805281799259 0.450160319713 0.381744945921 0.0561044258721 0.978402091772 -0.55778399356 1.57 -1.04979956581 0.60609052661 -1.57 
2.56 0.633228750972 -0.0126737413417 0.609151340665 0.805514576946 0.449950660903 0.38148866287 0.0561878027844 0.97916932086 -0.557246444218 1.57 -1.05066282876 0.605563121281 -1.57 
2.58 0.633655275436 -0.0128187364323 0.609760572178 0.805742125246 0.449745516275 0.381237912444 0.0562694616083 0.979922282561 -0.556718517385 1.57 -1.05150986802 0.605045257638 -1.57 
2.6 0.634072775398 -0.0129599676046 0.610358288011 0.805964536743 0.449544812165 0.380992630682 0.0563492922216 0.980661179443 -0.556200545326 1.57 -1.05234132151 0.604536789383 -1.57 
2.62 0.634481504941 -0.0130975068462 0.610944638532 0.806181996581 0.449348371421 0.380752634647 0.0564274817739 0.981386604965 -0.555692262611 1.57 -1.05315701413 0.604037526246 -1.57 
2.64 0.634881673561 -0.0132314486919 0.61151980269 0.806394594179 0.44915616489 0.380517788821 0.0565040742884 0.982098507397 -0.555193306623 1.57 -1.05395736522 0.603547296256 -1.57 
2.66 0.635273417571 -0.0133619201373 0.612084033227 0.806602470046 0.448968031424 0.380288015152 0.0565790385787 0.982797318684 -0.554703675887 1.57 -1.05474265845 0.603066138739 -1.57 
2.68 0.635656913123 -0.0134890273844 0.612637523804 0.80680571519 0.448783919334 0.380063204295 0.0566523823327 0.983483019385 -0.554223040411 1.57 -1.0555132556 0.602593840442 -1.57 
2.7 0.636032421255 -0.0136128193188 0.613180414898 0.807004456906 0.448603747395 0.379843179459 0.0567242750117 0.984156072326 -0.553751420424 1.57 -1.05626930572 0.602130287419 -1.57 
2.72 0.636400049654 -0.0137334465132 0.613712949757 0.807198792385 0.448427413482 0.379627890037 0.0567946257661 0.984816510175 -0.553288605753 1.57 -1.05701107177 0.60167510564 -1.57 
2.74 0.63675998471 -0.0138509773685 0.61423531263 0.807388836613 0.448254822677 0.379417214657 0.0568635004259 0.985464714832 -0.552834567439 1.57 -1.05773887463 0.601228399733 -1.57 
2.76 0.637112380576 -0.0139655162467 0.614747698103 0.807574690692 0.448085886895 0.379211061273 0.0569309048523 0.986100845362 -0.552389131469 1.57 -1.0584529212 0.600789901918 -1.57 
2.78 0.637457361233 -0.014077165899 0.615250303982 0.807756472708 0.447920476823 0.379009350812 0.0569968353329 0.986725095055 -0.551951932795 1.57 -1.05915334038 0.6003594812 -1.57 
2.8 0.637795185335 -0.0141859504025 0.615743250845 0.807934259026 0.447758593999 0.378811913196 0.0570614494417 0.9873377551 -0.551523101369 1.57 -1.05984052215 0.599937092434 -1.57 
2.82 0.638125971364 -0.0142919681773 0.616226716694 0.80810815977 0.44760012072 0.378618669617 0.0571247499994 0.987938897513 -0.551102095438 1.57 -1.06051452434 0.599522506212 -1.57 
2.84 0.638449876722 -0.0143953059115 0.616700905391 0.808278242204 0.447445020055 0.37842953858 0.0571867251843 0.988528791037 -0.550689241682 1.57 -1.0611758247 0.599115612293 -1.57 
2.86 0.638767049065 -0.014496022049 0.61716596294 0.808444599064 0.447293219289 0.378244415846 0.0572474288021 0.989107502565 -0.550284034974 1.57 -1.0618246298 0.59871639754 -1.57 
2.88 0.639077606924 -0.0145942352956 0.617622089376 0.808607338276 0.447144589615 0.378063241264 0.0573068413731 0.989675344644 -0.549886503995 1.57 -1.06246090394 0.598324344283 -1.57 
2.9 0.63938175348 -0.0146899442362 0.61806940207 0.808766507417 0.446999162303 0.377885874019 0.0573650729882 0.990232407737 -0.549496500268 1.57 -1.06308531303 0.597939867229 -1.57 
2.92 0.639679584952 -0.0147832675774 0.618508102029 0.808922227096 0.446856775163 0.377712265619 0.0574220985465 0.990779067545 -0.549113985062 1.57 -1.06369772414 0.597562491803 -1.57 
2.94 0.639971190956 -0.014874295159 0.618938372215 0.809074565638 0.446717364353 0.377542365971 0.0574778698338 0.991315305601 -0.54873862381 1.57 -1.06429843118 0.597192092933 -1.57 
2.96 0.640256735379 -0.0149630762259 0.619360344701 0.809223611211 0.446580861104 0.377376067891 0.0575324685527 0.991841381123 -0.548370296475 1.57 -1.06488753506 0.596828484734 -1.57 
2.98 0.640536395045 -0.0150496311526 0.619774150672 0.809369436089 0.446447230615 0.377213255395 0.0575859892327 0.99235762666 -0.548009082955 1.57 -1.06546540533 0.596471830764 -1.57 
3.0 0.640810292828 -0.0151340349683 0.620179942486 0.809512117716 0.446316401757 0.377053855727 0.0576384478795 0.992864186373 -0.547654825644 1.57 -1.06603213286 0.596121811771 -1.57 
3.02 0.641078474037 -0.0152163774275 0.620577914987 0.809651703493 0.446188327257 0.376897850478 0.0576897387465 0.993360928673 -0.547307141245 1.57 -1.06658817356 0.595778478597 -1.57 
3.04 0.641341081385 -0.0152967112917 0.620968203354 0.809788305203 0.446062880862 0.376745146859 0.0577399462358 0.993848330843 -0.546966026767 1.57 -1.0671334191 0.595441601259 -1.57 
3.06 0.641598305229 -0.015375052166 0.621350904566 0.809921939379 0.445940131087 0.376595625303 0.0577891564378 0.99432634169 -0.546631471082 1.57 -1.0676683581 0.595111065457 -1.57 
3.08 0.641850220966 -0.0154514690394 0.62172618851 0.81005272543 0.445819908975 0.376449237725 0.0578373771925 0.994795433888 -0.546303345287 1.57 -1.06819293559 0.594786867753 -1.57 
3.1 0.642096929789 -0.015526040537 0.62209419931 0.810180698918 0.445702205616 0.376305932128 0.0578845787297 0.99525548449 -0.5459814485 1.57 -1.06870737289 0.594468578482 -1.57 
3.12 0.642338575301 -0.0155987852738 0.622455053651 0.810305923677 0.445586982858 0.376165613588 0.0579308373542 0.99570675787 -0.545665759228 1.57 -1.06921194701 0.594156300702 -1.57 
3.14 0.642575206289 -0.0156697810952 0.622808926605 0.810428471676 0.445474144014 0.376028259468 0.0579760932958 0.996149403085 -0.545356084553 1.57 -1.06970684531 0.593849998467 -1.57 
3.16 0.64280696826 -0.0157390564027 0.62315591892 0.810548404437 0.445363653723 0.375893774646 0.0580204290693 0.996583601735 -0.545052322106 1.57 -1.07019217621 0.593549486872 -1.57 
3.18 0.643033983803 -0.0158066464042 0.623496146254 0.810665764296 0.445255500667 0.375762083702 0.0580638801298 0.997009420672 -0.544754371546 1.57 -1.07066820638 0.59325465624 -1.57 
3.2 0.643256333522 -0.0158726017734 0.623829751559 0.810780640767 0.445149568769 0.375633136102 0.0581064630112 0.997427215282 -0.544462142889 1.57 -1.07113497088 0.592965493712 -1.57 
3.22 0.643474082876 -0.0159369906689 0.624156889742 0.810893064077 0.44504584005 0.375506904718 0.0581481159981 0.997836955537 -0.544175565255 1.57 -1.07159281162 0.592681848406 -1.57 
3.24 0.643687347711 -0.0159998421843 0.624477663426 0.811003099754 0.444944258066 0.375383312291 0.0581889014959 0.998238836637 -0.543894471863 1.57 -1.07204179936 0.592403610029 -1.57 
3.26 0.643896271517 -0.0160611711095 0.624792156023 0.811110797773 0.444844805383 0.375262263954 0.0582289113134 0.998633018414 -0.543618781338 1.57 -1.07248206395 0.592130631297 -1.57 
3.28 0.644100878121 -0.0161210640122 0.625100545896 0.811216212148 0.444747399504 0.375143762411 0.0582680470388 0.999019633176 -0.543348480932 1.57 -1.07291379747 0.591862761584 -1.57 
3.3 0.644301272977 -0.0161795326657 0.625402928723 0.811319404645 0.444651987843 0.375027732481 0.0583063737768 0.999398879157 -0.543083352551 1.57 -1.0733371642 0.591600125918 -1.57 
3.32 0.644497561521 -0.0162366149331 0.625699411743 0.811420401284 0.444558575795 0.374914114996 0.058343906657 0.999770774276 -0.542823378839 1.57 -1.07375240711 0.591342499334 -1.57 
3.34 0.644689831887 -0.0162923438777 0.625990097129 0.811519263586 0.444467100206 0.374802851591 0.0583806826164 1.00013547736 -0.542568347511 1.57 -1.07415956926 0.591089772862 -1.57 
3.36 0.644878154759 -0.0163467643751 0.626275108238 0.81161604007 0.444377510637 0.374693903573 0.058416694247 1.00049313204 -0.542318200068 1.57 -1.07455880621 0.590841846616 -1.57 
3.38 0.645062619338 -0.0163999025475 0.62655455741 0.811710769731 0.444289781915 0.374587218948 0.0584519579609 1.00084390868 -0.542072976399 1.57 -1.07495038236 0.590598744945 -1.57 
3.4 0.645243304102 -0.0164517927657 0.626828541401 0.811803509357 0.444203854341 0.374482745922 0.0584865026407 1.00118792211 -0.541832428421 1.57 -1.07533431708 0.590360320317 -1.57 
3.42 0.645420309763 -0.0165024595505 0.627097155016 0.811894302864 0.444119697567 0.374380423344 0.0585203710469 1.00152535798 -0.541596577976 1.57 -1.07571073557 0.590126443908 -1.57 
3.44 0.645593692109 -0.0165519413949 0.627360509372 0.811983184308 0.444037282514 0.374280219447 0.0585535436115 1.00185621652 -0.541365210858 1.57 -1.07607985115 0.589897075887 -1.57 
3.46 0.645763552032 -0.0166002560949 0.627618689161 0.812070197487 0.443956579686 0.37418207024 0.0585860735841 1.00218067407 -0.541138300967 1.57 -1.07644177153 0.58967211348 -1.57 
3.48 0.645929917816 -0.0166474663408 0.627871834845 0.812155389421 0.443877518801 0.374085970881 0.0586178993795 1.00249888541 -0.540915854596 1.57 -1.07679661739 0.589451417942 -1.57 
3.5 0.646092894269 -0.0166935724763 0.628120014945 0.812238794858 0.443800091178 0.373991849528 0.058649089381 1.00281095778 -0.54069774159 1.57 -1.07714457952 0.589235029502 -1.57 
3.52 0.646252529604 -0.0167386185305 0.628363339774 0.812320452223 0.443724253126 0.373899682076 0.0586796202338 1.00311695874 -0.540483842938 1.57 -1.07748577805 0.589022814984 -1.57 
3.54 0.646408915754 -0.0167826178034 0.628601880534 0.812400406337 0.443649970137 0.373809406582 0.0587095506003 1.00341702786 -0.540274017695 1.57 -1.0778202615 0.588814674799 -1.57 
3.56 0.646562109265 -0.0168256046364 0.628835744551 0.812478683932 0.443577221869 0.373720995621 0.0587388613017 1.00371124941 -0.540068281329 1.57 -1.07814825435 0.588610549518 -1.57 
3.58 0.646712166499 -0.0168676108765 0.629065027664 0.812555327915 0.443505959862 0.373634416336 0.058767555437 1.00399975138 -0.539866532104 1.57 -1.07846983563 0.588410348422 -1.57 
3.6 0.646859156065 -0.0169086569068 0.629289819791 0.812630368425 0.443436163732 0.373549628725 0.0587956451375 1.0042826496 -0.53966875701 1.57 -1.07878519634 0.58821405637 -1.57 
3.62 0.647003168975 -0.0169487497147 0.629510183131 0.812703863976 0.443367772451 0.373466568565 0.0588232096577 1.0045602031 -0.539474852351 1.57 -1.07909427741 0.588021594834 -1.57 
3.64 0.647144240386 -0.0169879365472 0.629726220462 0.812775820299 0.443300794558 0.373385225227 0.0588501917153 1.00483226697 -0.539284678147 1.57 -1.0793973178 0.587832756448 -1.57 
3.66 0.647282453655 -0.0170262169824 0.629938002827 0.812846287413 0.443235180486 0.373305541434 0.0588766554243 1.00509913402 -0.539098247596 1.57 -1.07969440847 0.587647650047 -1.57 
3.68 0.647417831276 -0.0170636365143 0.630145635535 0.812915271708 0.44317093275 0.373227513701 0.0589025330982 1.00536066181 -0.538915392257 1.57 -1.07998581536 0.587466159486 -1.57 
3.7 0.647550438189 -0.0171002215427 0.63034920197 0.812982822326 0.443107991396 0.373151104557 0.0589278519191 1.0056171086 -0.53873617574 1.57 -1.08027151105 0.587288122724 -1.57 
3.72 0.647680386249 -0.0171359529497 0.630548730225 0.81304897876 0.443046340924 0.373076230508 0.0589527281985 1.00586862448 -0.538560416214 1.57 -1.0805515228 0.58711354405 -1.57 
3.74 0.647807682658 -0.0171708828574 0.630744340394 0.8131137525 0.442985964944 0.373002902353 0.0589770734629 1.00611517611 -0.538388105224 1.57 -1.08082611438 0.586942341843 -1.57 
3.76 0.647932390386 -0.0172050240568 0.630936098947 0.813177187918 0.442926814475 0.372931077605 0.0590009273245 1.00635694087 -0.538219141322 1.57 -1.08109529258 0.586774468111 -1.57 
3.78 0.648054557104 -0.0172383979103 0.631124088456 0.813239303314 0.442868879912 0.372860731497 0.0590242802433 1.00659396841 -0.538053505273 1.57 -1.0813592575 0.586609899812 -1.57 
3.8 0.648174245375 -0.0172710197543 0.631308370336 0.813300142093 0.442812113067 0.372791822284 0.0590471729281 1.00682641872 -0.537891087413 1.57 -1.08161796952 0.586448513523 -1.57 
3.82 0.64829150275 -0.0173029101998 0.631489024575 0.813359710927 0.442756524855 0.372724327199 0.0590695882147 1.00705428358 -0.537731892468 1.57 -1.08187168465 0.586290273507 -1.57 
3.84 0.648406391318 -0.0173340801081 0.631666107404 0.81341804389 0.442702084327 0.372658204562 0.0590915643609 1.00727766636 -0.537575791377 1.57 -1.08212042063 0.586135090629 -1.57 
3.86 0.648518930374 -0.0173645622797 0.631839710424 0.813475186134 0.442648719915 0.372593446136 0.0591130797562 1.00749675093 -0.537422723723 1.57 -1.08236419322 0.585982938633 -1.57 
3.88 0.648629180485 -0.017394365556 0.632009892213 0.813531141146 0.442596455066 0.37253001652 0.0591341453032 1.0077114923 -0.53727262597 1.57 -1.0826032299 0.58583376969 -1.57 
3.9 0.648737202115 -0.0174235002406 0.632176711327 0.813585947795 0.442545247354 0.372467876618 0.0591548010122 1.007922086 -0.537125485375 1.57 -1.08283752531 0.585687510372 -1.57 
3.92 0.648843035075 -0.0174519862952 0.632340236686 0.813639615921 0.44249509901 0.372407006007 0.0591750338662 1.00812850252 -0.536981219318 1.57 -1.08306725711 0.585544093236 -1.57 
3.94 0.64894673816 -0.0174798299471 0.632500522152 0.813692183509 0.442445969055 0.37234736513 0.0591948869728 1.00833092827 -0.536839787317 1.57 -1.08329242783 0.585403484226 -1.57 
3.96 0.649048316495 -0.0175070681186 0.632657663496 0.813743664643 0.442397835349 0.372288961208 0.0592142963658 1.00852937407 -0.536701167807 1.57 -1.08351323628 0.585265665207 -1.57 
3.98 0.649147851411 -0.0175336981762 0.632811688805 0.813794081555 0.442350695965 0.372231738307 0.0592333318519 1.00872389711 -0.536565250708 1.57 -1.08372968302 0.585130478592 -1.57 
4.0 0.649245374625 -0.0175597355465 0.632962664783 0.813843470092 0.442304502161 0.372175676408 0.0592519995178 1.00891464783 -0.536431960234 1.57 -1.08394180643 0.584997944428 -1.57 
4.02 0.649340902716 -0.0175852101672 0.633110673968 0.813891843886 0.442259237075 0.372120773869 0.0592702567284 1.00910165455 -0.536301298755 1.57 -1.08414976965 0.584868012973 -1.57 
4.04 0.649434500374 -0.0176101242289 0.633255755215 0.813939219439 0.442214901164 0.372066988668 0.0592881454546 1.00928496421 -0.536173205593 1.57 -1.0843536398 0.584740584018 -1.57 
4.06 0.649526219115 -0.0176344795021 0.633397958091 0.813985614248 0.442171487554 0.372014287925 0.0593056908844 1.00946465823 -0.536047653342 1.57 -1.08455354949 0.584615686168 -1.57 
4.08 0.649616070901 -0.0176583063758 0.633537355372 0.814031060383 0.442128944557 0.371962668043 0.0593228682648 1.00964082393 -0.535924538774 1.57 -1.08474949471 0.584493227193 -1.57 
4.1 0.649704112855 -0.0176816057952 0.633673992038 0.814075577931 0.442087261807 0.371912092856 0.0593397131112 1.009813583 -0.535803886512 1.57 -1.08494156253 0.584373189154 -1.57 
4.12 0.649790381399 -0.0177043918538 0.633807919658 0.81411917565 0.442046441436 0.371862542076 0.0593562233775 1.00998290517 -0.535685600509 1.57 -1.08512987035 0.584255487859 -1.57 
4.14 0.649874897443 -0.0177266872249 0.633939203681 0.814161880348 0.442006444524 0.371814006411 0.0593723860313 1.01014889354 -0.535569646895 1.57 -1.08531444801 0.584140057369 -1.57 
4.16 0.649957700747 -0.0177484958113 0.634067891075 0.814203707669 0.441967262655 0.371766460287 0.0593882157096 1.01031159504 -0.535455952234 1.57 -1.08549541473 0.584026926801 -1.57 
4.18 0.650038824671 -0.017769831972 0.634194033484 0.814244681316 0.441928868311 0.37171988421 0.0594037202995 1.01047109743 -0.535344468972 1.57 -1.08567279157 0.583916017519 -1.57 
4.2 0.650118321519 -0.0177906985426 0.634317671363 0.81428481497 0.441891260081 0.371674246289 0.0594189281136 1.01062747888 -0.535235220561 1.57 -1.08584666348 0.583807269818 -1.57 
4.22 0.650196199913 -0.0178111168133 0.634438871232 0.814324134024 0.441854397023 0.371629544362 0.0594338147471 1.01078082852 -0.535128142012 1.57 -1.0860170932 0.583700699957 -1.57 
4.24 0.65027250796 -0.0178310917957 0.634557665523 0.814362650516 0.441818280082 0.371585747361 0.0594484077847 1.01093114692 -0.535023134924 1.57 -1.0861841217 0.583596189969 -1.57 
4.26 0.650347281105 -0.0178506304095 0.634674101449 0.814400377731 0.441782901601 0.371542834887 0.0594627147827 1.01107849707 -0.534920196637 1.57 -1.08634785679 0.583493733647 -1.57 
4.28 0.650420538058 -0.0178697505163 0.634788233717 0.814437332927 0.441748239404 0.371500798407 0.0594767223519 1.01122292059 -0.534819267565 1.57 -1.0865083585 0.5833932789 -1.57 
4.3 0.650492307502 -0.0178884591579 0.634900112033 0.814473535545 0.44171427166 0.371459621146 0.0594904359261 1.01136452535 -0.534720350561 1.57 -1.08666571401 0.58329486288 -1.57 
4.32 0.650562641847 -0.0179067611194 0.635009763469 0.814508995303 0.441681004052 0.371419270489 0.0595038884424 1.01150332347 -0.534623404649 1.57 -1.08681994016 0.583198311941 -1.57 
4.34 0.650631548334 -0.0179246724619 0.635117248064 0.814543729113 0.441648410523 0.371379745161 0.0595170541024 1.01163937135 -0.534528379402 1.57 -1.08697114986 0.583103684981 -1.57 
4.36 0.650699066729 -0.0179421971127 0.635222598829 0.814577756697 0.441616473667 0.371341018888 0.0595299602785 1.01177274713 -0.534435220975 1.57 -1.08711934884 0.583010917343 -1.57 
4.38 0.650765213808 -0.0179593497732 0.635325866195 0.814611089602 0.441585180779 0.37130308456 0.0595425915657 1.0119034727 -0.534343885043 1.57 -1.08726462906 0.582919984799 -1.57 
4.4 0.650830035095 -0.0179761309566 0.635427077839 0.814643744759 0.441554521689 0.371265912116 0.0595549830144 1.01203162607 -0.534254343265 1.57 -1.08740700135 0.582830814487 -1.57 
4.42 0.650893545551 -0.0179925527207 0.635526283647 0.814675737613 0.441524475867 0.37122949459 0.0595671226676 1.01215726654 -0.534166562555 1.57 -1.08754655049 0.582743427855 -1.57 
4.44 0.65095577908 -0.0180086205925 0.635623519422 0.814707073 0.441495049913 0.371193812891 0.0595790179271 1.01228040249 -0.534080533536 1.57 -1.08768337757 0.582657772532 -1.57 
4.46 0.651016754283 -0.0180243467938 0.635718827592 0.814737771351 0.441466215635 0.37115885625 0.0595906688439 1.01240110511 -0.533996194783 1.57 -1.08781749074 0.582573807106 -1.57 
4.48 0.651076508201 -0.0180397341025 0.635812238667 0.814767849254 0.441437959389 0.371124601029 0.0596021001533 1.01251945923 -0.533913536754 1.57 -1.08794890628 0.582491477022 -1.57 
4.5 0.651135055483 -0.0180547948931 0.635903797152 0.814797309434 0.441410283718 0.371091041859 0.0596132922944 1.01263543503 -0.533832510406 1.57 -1.08807775315 0.582410765358 -1.57 
4.52 0.651192424249 -0.0180695328627 0.635993536487 0.814826170453 0.441383167992 0.371058160347 0.0596242618265 1.01274912064 -0.53375308234 1.57 -1.0882040533 0.58233166353 -1.57 
4.54 0.651248636405 -0.0180839556073 0.636081494534 0.814854443331 0.441356602415 0.371025944369 0.0596350089496 1.01286055595 -0.533675226992 1.57 -1.08832787511 0.582254155355 -1.57 
4.56 0.65130371744 -0.0180980719988 0.636167705705 0.814882144516 0.441330568177 0.370994379118 0.0596455430401 1.01296981344 -0.533598929132 1.57 -1.08844922068 0.582178167124 -1.57 
4.58 0.651357690558 -0.018111887602 0.636252201412 0.814909280837 0.441305064404 0.370963450575 0.0596558670629 1.01307688431 -0.533524113148 1.57 -1.08856816352 0.582103671757 -1.57 
4.6 0.651410572221 -0.0181254136055 0.636335022746 0.814935864981 0.441280075043 0.370933151476 0.0596659741674 1.01318183152 -0.533450789573 1.57 -1.08868475495 0.582030638924 -1.57 
4.62 0.651462388715 -0.0181386535779 0.636416197023 0.814961910535 0.441255587946 0.370903464422 0.0596758792383 1.01328469533 -0.533378892651 1.57 -1.08879901531 0.581959034232 -1.57 
4.64 0.651513166288 -0.0181516111098 0.636495757083 0.814987428243 0.441231594949 0.370874374461 0.0596855911619 1.01338554874 -0.533308452836 1.57 -1.08891100822 0.58188884991 -1.57 
4.66 0.65156291967 -0.0181642942529 0.636573736853 0.815012427121 0.441208087316 0.370845873368 0.0596951047462 1.01348439678 -0.533239397822 1.57 -1.08902079547 0.581820074248 -1.57 
4.68 0.651611670187 -0.0181767106278 0.636650167836 0.815036917904 0.441185054931 0.370817949355 0.05970442358 1.01358128077 -0.533171712049 1.57 -1.08912840903 0.58175265369 -1.57 
4.7 0.651659435344 -0.018188868073 0.636725082839 0.815060913001 0.441162483185 0.370790592728 0.0597135484889 1.01367624926 -0.533105370258 1.57 -1.08923387996 0.5816865578 -1.57 
4.72 0.651706242434 -0.0182007675534 0.636798506057 0.815084423735 0.441140364023 0.370763785732 0.0597224966327 1.01376935313 -0.533040345191 1.57 -1.08933724039 0.581621766867 -1.57 
4.74 0.651752107121 -0.018212417462 0.636870470126 0.815107457548 0.441118691066 0.37073752072 0.0597312629426 1.01386061077 -0.532976613936 1.57 -1.08943854773 0.581558248368 -1.57 
4.76 0.651797048636 -0.0182238204823 0.636941001598 0.815130024232 0.441097456085 0.370711785167 0.0597398541127 1.01395004805 -0.532914117835 1.57 -1.08953785217 0.581496009159 -1.57 
4.78 0.651841087253 -0.0182349844291 0.637010130797 0.81515213189 0.441076652607 0.370686569055 0.0597482712961 1.01403770966 -0.532852881102 1.57 -1.0896351916 0.581434987639 -1.57 
4.8 0.651884239151 -0.0182459136864 0.637077885515 0.815173791598 0.441056268419 0.370661862258 0.0597565180386 1.01412363241 -0.532792855943 1.57 -1.0897306044 0.581375185296 -1.57 
4.82 0.651926521101 -0.0182566158916 0.637144294458 0.815195012578 0.441036294048 0.370637655983 0.0597645946082 1.01420785021 -0.532734028246 1.57 -1.08982411855 0.581316552728 -1.57 
4.84 0.651967955464 -0.0182670917596 0.637209379903 0.815215807408 0.441016717026 0.370613935161 0.059772516422 1.01429042158 -0.532676365737 1.57 -1.0899157533 0.581259086735 -1.57 
4.86 0.652008552191 -0.0182773512738 0.637273173655 0.815236180913 0.440997533126 0.370590696447 0.0597802711119 1.01437134674 -0.532619844862 1.57 -1.09000556961 0.581202751502 -1.57 
4.88 0.652048337844 -0.0182873924062 0.63733569455 0.815256139489 0.440978742885 0.370567922558 0.0597878760331 1.0144506593 -0.532564452294 1.57 -1.09009362085 0.581147544697 -1.57 
4.9 0.652087323423 -0.0182972237507 0.637396970789 0.815275695967 0.440960327964 0.370545607588 0.0597953294532 1.01452840395 -0.532510150614 1.57 -1.09017990877 0.581093428444 -1.57 
4.92 0.652125528178 -0.0183068490062 0.637457026172 0.815294858411 0.440942282044 0.370523740477 0.0598026378767 1.0146046226 -0.532456941443 1.57 -1.09026446698 0.581040373853 -1.57 
4.94 0.652162961781 -0.0183162734212 0.637515887701 0.81531363169 0.440924601498 0.370502316177 0.0598097941922 1.01467931208 -0.532404772737 1.57 -1.09034736612 0.580988394595 -1.57 
4.96 0.652199643749 -0.0183255018936 0.637573576963 0.815332025426 0.440907277055 0.370481323313 0.0598168072638 1.014752517 -0.532353640223 1.57 -1.09042860864 0.580937429303 -1.57 
4.98 0.652235590658 -0.018334537117 0.637630115827 0.815350043904 0.440890308693 0.37046075221 0.0598236799048 1.01482424496 -0.532303517503 1.57 -1.09050825151 0.580887467433 -1.57 
5.0 0.652270811498 -0.0183433856923 0.637685531912 0.815367700032 0.440873676938 0.370440598149 0.0598304100837 1.01489455913 -0.532254391301 1.57 -1.09058630808 0.580838507861 -1.57 
5.02 0.652305327142 -0.0183520486294 0.6377398433 0.815384997965 0.440857383583 0.370420848465 0.0598370074138 1.01496347471 -0.53220625003 1.57 -1.09066282274 0.58079052316 -1.57 
5.04 0.65233914953 -0.0183605307074 0.637793072103 0.815401948938 0.440841413834 0.370401495633 0.0598434754147 1.01503103182 -0.532159052488 1.57 -1.09073780047 0.580743495938 -1.57 
5.06 0.65237229389 -0.0183688364945 0.637845239786 0.8154185573 0.440825766382 0.370382531628 0.059849815114 1.01509724479 -0.532112793565 1.57 -1.09081128139 0.580697389432 -1.57 
5.08 0.652404769101 -0.0183769720108 0.637896371846 0.8154348302 0.440810432176 0.370363952498 0.0598560211852 1.01516214484 -0.532067465841 1.57 -1.0908833061 0.580652198817 -1.57 
5.1 0.652436589326 -0.0183849396705 0.637946486655 0.815450778838 0.44079539752 0.370345748582 0.0598621025773 1.01522577543 -0.532023027842 1.57 -1.09095387452 0.580607911855 -1.57 
5.12 0.65246777496 -0.0183927393146 0.637995599673 0.81546640328 0.4407806715 0.370327907766 0.0598680673167 1.01528813047 -0.531979471464 1.57 -1.09102305021 0.580564506119 -1.57 
5.14 0.652498335968 -0.0184003764853 0.638043733377 0.815481708583 0.440766249335 0.370310425381 0.0598739114112 1.01534922565 -0.531936784926 1.57 -1.09109087235 0.580521961663 -1.57 
5.16 0.652528282274 -0.0184078566006 0.638090909487 0.815496706973 0.440752112983 0.370293295702 0.0598796373987 1.01540912143 -0.531894957074 1.57 -1.09115733304 0.580480257768 -1.57 
5.18 0.652557626611 -0.018415182765 0.638137145965 0.815511402797 0.440738260482 0.370276511311 0.059885247157 1.01546782357 -0.531853958417 1.57 -1.09122246717 0.580439374351 -1.57 
5.2 0.652586379564 -0.0184223585072 0.638182463227 0.815525800234 0.440724689041 0.370260066749 0.0598907387956 1.01552534788 -0.531813780005 1.57 -1.09128632219 0.58039930833 -1.57 
5.22 0.652614555013 -0.0184293861716 0.638226877465 0.81553990947 0.440711386307 0.370243952902 0.0598961215791 1.01558174058 -0.531774399369 1.57 -1.09134889176 0.580360036848 -1.57 
5.24 0.652642165127 -0.0184362687262 0.638270406136 0.815553733778 0.440698351873 0.370228163013 0.0599013963764 1.01563700704 -0.531735798663 1.57 -1.09141021547 0.580321541378 -1.57 
5.26 0.652669220026 -0.0184430096095 0.638313068289 0.815567280133 0.440685577523 0.370212691448 0.0599065641625 1.01569118089 -0.53169797008 1.57 -1.09147031711 0.580283815473 -1.57 
5.28 0.652695732601 -0.0184496104823 0.638354878575 0.81558055215 0.440673062807 0.370197530194 0.0599116291628 1.01574426305 -0.531660878709 1.57 -1.09152922852 0.580246842701 -1.57 
5.3 0.652721714135 -0.0184560744545 0.638395854979 0.815593556397 0.440660800515 0.370182673063 0.0599165938331 1.01579629151 -0.531624530579 1.57 -1.09158697074 0.580210609483 -1.57 
5.32 0.652747174166 -0.018462405094 0.638436014249 0.815606298657 0.440648784519 0.370168114562 0.0599214590544 1.01584728285 -0.531588900462 1.57 -1.09164356241 0.580175097922 -1.57 
5.34 0.652772123631 -0.0184686049988 0.638475373181 0.815618783691 0.440637010909 0.370153848673 0.0599262264847 1.01589726136 -0.531553987351 1.57 -1.09169903349 0.580140297601 -1.57 
5.36 0.652796572754 -0.0184746776622 0.638513947551 0.815631016657 0.440625474819 0.370139869652 0.0599308977128 1.01594624361 -0.531519774632 1.57 -1.09175340051 0.580106182553 -1.57 
5.38 0.652820531261 -0.0184806255717 0.638551752261 0.815643004367 0.440614168386 0.370126171349 0.0599354763607 1.01599425334 -0.531486234676 1.57 -1.09180667366 0.580072741104 -1.57 
5.4 0.652844008952 -0.0184864510941 0.63858880377 0.815654751236 0.440603087824 0.370112748503 0.0599399631384 1.01604131565 -0.531453370347 1.57 -1.09185888583 0.580039970283 -1.57 
5.42 0.652867016764 -0.0184921559905 0.638625115203 0.81566626204 0.440592229513 0.370099594256 0.059944362484 1.01608744283 -0.531421154999 1.57 -1.09191005403 0.580007853562 -1.57 
5.44 0.652889562267 -0.018497744715 0.638660702914 0.815677541216 0.44058158862 0.370086705004 0.0599486722482 1.01613264924 -0.531389578716 1.57 -1.09196019744 0.579976366168 -1.57 
5.46 0.652911656011 -0.0185032180271 0.638695581129 0.815688592046 0.440571163928 0.370074074607 0.0599528950565 1.01617695363 -0.531358639805 1.57 -1.09200935511 0.579945514405 -1.57 
5.48 0.652933307774 -0.0185085785755 0.638729762812 0.815699419692 0.440560950421 0.370061697171 0.0599570343235 1.01622037145 -0.531328316857 1.57 -1.09205753502 0.579915272727 -1.57 
5.5 0.652954525186 -0.018513829749 0.638763262594 0.815710027883 0.440550944737 0.370049568721 0.0599610889864 1.01626291205 -0.531298594524 1.57 -1.09210475937 0.579885623515 -1.57 
5.52 0.652975317804 -0.0185189725408 0.638796093234 0.8157204245 0.440541136837 0.370037682848 0.0599650655031 1.0163046161 -0.531269459481 1.57 -1.09215103081 0.579856567768 -1.57 
5.54 0.652995691087 -0.018524011267 0.63882827098 0.815730613259 0.440531522259 0.370026037452 0.0599689594329 1.01634549804 -0.531240908308 1.57 -1.09219637517 0.57982809284 -1.57 
5.56 0.653015658116 -0.018528946032 0.638859805294 0.815740596598 0.440522102389 0.370014624363 0.0599727782114 1.01638556524 -0.531212929682 1.57 -1.09224081327 0.579800176649 -1.57 
5.58 0.653035222806 -0.018533780375 0.638890711346 0.815750380365 0.440512868567 0.370003441519 0.0599765189553 1.01642483701 -0.531185498962 1.57 -1.09228436036 0.579772821964 -1.57 
5.6 0.653054396727 -0.0185385148307 0.63892100001 0.815759966442 0.440503822355 0.369992482225 0.0599801862095 1.01646332512 -0.531158620256 1.57 -1.092327046 0.579746014831 -1.57 
5.62 0.653073186078 -0.0185431528975 0.638950684516 0.815769358917 0.440494959063 0.369981743296 0.0599837788077 1.01650104073 -0.53113227783 1.57 -1.09236888315 0.579719735823 -1.57 
5.64 0.653091599889 -0.0185476954071 0.638979775909 0.815778562255 0.440486274629 0.369971219073 0.0599873010413 1.01653800488 -0.531106461424 1.57 -1.09240988752 0.579693981245 -1.57 
5.66 0.653109640648 -0.0185521474945 0.639008289457 0.815787580869 0.440477762129 0.369960909121 0.0599907467193 1.01657422853 -0.531081154426 1.57 -1.09245007273 0.579668736067 -1.57 
5.68 0.653127322433 -0.0185565063725 0.63903623179 0.815796417442 0.440469423098 0.36995080384 0.0599941275694 1.01660972819 -0.531056348855 1.57 -1.09248946326 0.579644003574 -1.57 
5.7 0.653144649488 -0.0185607764368 0.639063616642 0.815805078152 0.440461247962 0.369940901351 0.0599974417198 1.01664453085 -0.531032037197 1.57 -1.09252805697 0.579619763254 -1.57 
5.72 0.653161629316 -0.0185649596571 0.639090455014 0.815813564656 0.440453237024 0.369931197669 0.060000689241 1.01667863915 -0.531008211778 1.57 -1.09256587933 0.579596000491 -1.57 
5.74 0.653178266751 -0.0185690584972 0.639116759555 0.815821879574 0.440445387741 0.369921690523 0.0600038674285 1.01671206183 -0.53098486415 1.57 -1.09260295803 0.579572715784 -1.57 
5.76 0.653194571068 -0.0185730739722 0.639142538913 0.815830028146 0.440437694587 0.36991237391 0.0600069828512 1.01674482305 -0.530961983708 1.57 -1.09263928934 0.579549888647 -1.57 
5.78 0.653210551286 -0.0185770058294 0.639167802248 0.81583801029 0.440430161843 0.369903242595 0.0600100376891 1.01677692106 -0.530939566875 1.57 -1.09267491436 0.579527521492 -1.57 
5.8 0.653226211717 -0.018580857305 0.63919256036 0.815845833561 0.440422777698 0.369894293722 0.0600130337345 1.01680838449 -0.53091758872 1.57 -1.09270981593 0.579505596842 -1.57 
5.82 0.653241556138 -0.0185846310014 0.639216826208 0.815853499522 0.440415540947 0.369885526091 0.0600159661957 1.01683922163 -0.530896052529 1.57 -1.09274402954 0.579484119763 -1.57 
5.84 0.653256594226 -0.0185883275427 0.63924060666 0.81586101121 0.440408450319 0.369876933514 0.060018841461 1.01686944132 -0.530874944124 1.57 -1.09277755782 0.579463064017 -1.57 
5.86 0.65327132857 -0.0185919498258 0.639263913992 0.815868373826 0.440401497531 0.369868514808 0.0600216570739 1.01689906731 -0.5308542536 1.57 -1.09281040989 0.57944243362 -1.57 
5.88 0.653285767952 -0.0185954982416 0.639286755865 0.815875588622 0.440394684161 0.369860264757 0.0600244167519 1.01692810356 -0.530833976521 1.57 -1.09284260595 0.579422214399 -1.57 
5.9 0.653299918322 -0.0185989745847 0.639309141343 0.81588265773 0.440388008993 0.369852180072 0.0600271209302 1.01695655415 -0.530814101549 1.57 -1.09287416119 0.579402392575 -1.57 
5.92 0.653313785084 -0.0186023799984 0.639331080049 0.815889585279 0.440381466897 0.369844257512 0.0600297712189 1.01698444125 -0.530794624352 1.57 -1.09290508686 0.579382970798 -1.57 
5.94 0.653327374622 -0.0186057158804 0.639352580405 0.815896372366 0.440375058714 0.369836493598 0.0600323681541 1.01701176489 -0.530775537132 1.57 -1.09293540337 0.57936393564 -1.57 
5.96 0.653340692554 -0.0186089837077 0.639373651017 0.815903023317 0.440368779012 0.369828884882 0.060034914175 1.01703854502 -0.530756831413 1.57 -1.09296511265 0.579345278084 -1.57 
5.98 0.653353744055 -0.0186121854189 0.639394300709 0.815909541635 0.440362623622 0.369821428468 0.0600374102691 1.01706479656 -0.530738500749 1.57 -1.09299421979 0.579326985122 -1.57 
6.0 0.653366533566 -0.0186153220728 0.63941453842 0.815915928463 0.440356592611 0.369814121978 0.060039855183 1.01709052035 -0.530720534524 1.57 -1.09302275248 0.579309061735 -1.57 
6.02 0.653379065983 -0.0186183956365 0.639434372663 0.815922187237 0.440350681798 0.36980696269 0.0600422497891 1.01711573085 -0.530702926282 1.57 -1.09305071462 0.57929149429 -1.57 
6.04 0.653391345343 -0.0186214079372 0.639453812383 0.815928320835 0.440344887726 0.369799948485 0.0600445935475 1.01714043991 -0.530685669562 1.57 -1.09307811782 0.57927427805 -1.57 
6.06 0.65340337912 -0.01862435897 0.639472863816 0.815934331163 0.44033921021 0.369793074707 0.060046890685 1.01716465678 -0.530668760365 1.57 -1.09310497503 0.579257404697 -1.57 
6.08 0.653415173557 -0.0186272485483 0.639491533351 0.815940220919 0.440333647256 0.369786337175 0.0600491450339 1.0171883926 -0.530652186511 1.57 -1.09313129821 0.579240876423 -1.57 
6.1 0.653426731725 -0.0186300800266 0.639509830098 0.815945992393 0.440328195865 0.369779734874 0.0600513538557 1.01721165339 -0.530635944072 1.57 -1.09315709287 0.579224670118 -1.57 
6.12 0.653438058288 -0.0186328538502 0.639527761322 0.815951647861 0.440322854107 0.369773264897 0.0600535183922 1.01723444799 -0.530620022729 1.57 -1.09318237517 0.579208790817 -1.57 
6.14 0.653449157082 -0.0186355722963 0.63954533532 0.815957189661 0.440317619257 0.369766925508 0.0600556376476 1.01725678663 -0.530604422104 1.57 -1.09320715312 0.579193224154 -1.57 
6.16 0.65346003506 -0.0186382347824 0.639562556886 0.815962619991 0.440312490542 0.369760711944 0.0600577168489 1.0172786765 -0.530589128176 1.57 -1.09323143544 0.579177966436 -1.57 
6.18 0.653470693918 -0.0186408438586 0.639579435719 0.815967942652 0.440307461638 0.369754623792 0.0600597533565 1.01730013938 -0.530574143946 1.57 -1.09325522896 0.57916301793 -1.57 
6.2 0.653481140504 -0.018643399417 0.639595976225 0.815973157364 0.440302536251 0.369748656781 0.0600617502299 1.01732116511 -0.530559454149 1.57 -1.09327855198 0.579148365464 -1.57 
6.22 0.653491376866 -0.0186459038474 0.639612187398 0.815978268168 0.440297707743 0.36974281017 0.0600637058575 1.01734177701 -0.530545061926 1.57 -1.09330140691 0.579134006358 -1.57 
6.24 0.653501410252 -0.0186483563032 0.639628073013 0.815983275938 0.44029297789 0.369737079095 0.0600656253777 1.01736197447 -0.530530953799 1.57 -1.0933238067 0.579119933967 -1.57 
6.26 0.653511242172 -0.0186507594663 0.639643641696 0.81598818297 0.440288343101 0.369731463343 0.0600675053363 1.0173817662 -0.530517126731 1.57 -1.09334576105 0.579106141673 -1.57 
6.28 0.653520876564 -0.018653114376 0.639658900046 0.815992992181 0.440283799737 0.369725960614 0.0600693469957 1.01740116757 -0.530503578436 1.57 -1.09336727463 0.579092625539 -1.57 
6.3 0.653530317176 -0.0186554224696 0.63967385424 0.815997704513 0.440279347758 0.369720568972 0.0600711498656 1.01742017741 -0.530490300394 1.57 -1.09338835936 0.579079373815 -1.57 
6.32 0.653539568861 -0.0186576835272 0.639688509521 0.816002323131 0.440274983609 0.369715285069 0.0600729176915 1.01743881289 -0.530477286261 1.57 -1.0934090198 0.579066390729 -1.57 
6.34 0.653548634623 -0.0186598991253 0.639702872446 0.816006849603 0.440270705739 0.369710107449 0.0600746495539 1.01745707841 -0.530464530579 1.57 -1.09342926575 0.579053668378 -1.57 
6.36 0.653557519898 -0.018662069131 0.639716947846 0.816011284089 0.440266516281 0.369705032921 0.0600763473816 1.01747497437 -0.530452032119 1.57 -1.09344911642 0.579041203671 -1.57 
6.38 0.653566227695 -0.0186641956157 0.639730741658 0.816015629726 0.440262410737 0.369700059836 0.060078011725 1.01749251194 -0.530439782523 1.57 -1.09346856503 0.579028977986 -1.57 
6.4 0.653574761293 -0.0186662786554 0.63974425991 0.816019888749 0.440258386567 0.369695186142 0.0600796435347 1.01750970481 -0.530427779631 1.57 -1.09348762547 0.579017003127 -1.57 
6.42 0.653583123353 -0.0186683201586 0.63975750861 0.816024061888 0.440254443585 0.369690410741 0.0600812410682 1.0175265504 -0.530416016312 1.57 -1.09350630762 0.579005264782 -1.57 
6.44 0.653591318173 -0.018670320058 0.639770492473 0.816028151441 0.440250579553 0.36968573079 0.0600828071105 1.01754306091 -0.530404487819 1.57 -1.09352461795 0.578993764823 -1.57 
6.46 0.653599349381 -0.0186722794676 0.639783216548 0.816032158818 0.44024679345 0.369681144284 0.0600843423238 1.01755924031 -0.530393189162 1.57 -1.09354256191 0.578982491534 -1.57 
6.48 0.653607219027 -0.01867419987 0.639795687069 0.816036086318 0.440243081955 0.369676650265 0.0600858458147 1.01757509935 -0.530382117547 1.57 -1.09356014486 0.578971442092 -1.57 
6.5 0.653614931499 -0.0186760812268 0.639807907887 0.816039934172 0.440239446713 0.369672245998 0.0600873192445 1.01759063432 -0.530371262945 1.57 -1.09357738108 0.578960612625 -1.57 
6.52 0.653622489957 -0.0186779243475 0.639819884416 0.816043705293 0.440235883684 0.369667929641 0.0600887640403 1.01760586352 -0.530360628144 1.57 -1.09359427143 0.578950000883 -1.57 
6.54 0.653629896742 -0.0186797304073 0.639831621909 0.816047401185 0.440232391196 0.36966369996 0.0600901796708 1.01762079077 -0.530350205773 1.57 -1.09361082299 0.578939602194 -1.57 
6.56 0.653637155262 -0.0186815000794 0.639843124636 0.816051022734 0.440228969181 0.369659554969 0.0600915668723 1.01763541629 -0.530339988105 1.57 -1.09362704397 0.578929408948 -1.57 
6.58 0.653644268511 -0.018683234181 0.639854397789 0.816054571831 0.440225615391 0.369655493086 0.0600929262026 1.01764975262 -0.530329979119 1.57 -1.09364294035 0.578919418309 -1.57 
6.6 0.653651238579 -0.0186849336781 0.639865446236 0.81605804924 0.440222329464 0.369651513227 0.0600942566377 1.01766379828 -0.53032016908 1.57 -1.09365852365 0.57890962818 -1.57 
6.62 0.65365806985 -0.0186865983706 0.639876273459 0.816061457415 0.440219108815 0.369647612441 0.0600955619982 1.01767756805 -0.530310556831 1.57 -1.09367379357 0.57890003578 -1.57 
6.64 0.65366476533 -0.018688229045 0.639886883405 0.816064796917 0.4402159538 0.369643789031 0.0600968425461 1.01769105945 -0.530301133719 1.57 -1.09368875822 0.57889063216 -1.57 
6.66 0.653671325996 -0.0186898273152 0.639897281929 0.816068070166 0.440212860368 0.369640042735 0.0600980967261 1.01770428497 -0.530291899011 1.57 -1.09370342036 0.578881416289 -1.57 
6.68 0.653677754941 -0.0186913935667 0.639907472992 0.816071277786 0.440209828768 0.36963637179 0.0600993251135 1.01771724612 -0.530282849235 1.57 -1.09371779052 0.578872385142 -1.57 
6.7 0.653684055699 -0.0186929278579 0.639917459868 0.816074421067 0.440206858258 0.369632773897 0.0601005298205 1.01772994744 -0.530273977991 1.57 -1.09373187364 0.578863535183 -1.57 
6.72 0.653690229927 -0.0186944316185 0.639927247711 0.816077501304 0.440203947093 0.369629248502 0.060101709463 1.01774239581 -0.530265287444 1.57 -1.09374567609 0.578854860772 -1.57 
6.74 0.653696280874 -0.0186959048144 0.639936839504 0.816080519778 0.440201094491 0.369625793378 0.0601028661312 1.01775459399 -0.530256767276 1.57 -1.09375920247 0.578846359926 -1.57 
6.76 0.65370221073 -0.0186973484048 0.639946239648 0.816083478074 0.440198298438 0.369622407422 0.0601039998534 1.0177665507 -0.530248418349 1.57 -1.09377245637 0.578838027843 -1.57 
6.78 0.653708022195 -0.0186987625989 0.639955451632 0.816086376914 0.440195558879 0.369619088996 0.0601051113292 1.01777826739 -0.530240235069 1.57 -1.09378544712 0.578829864064 -1.57 
6.8 0.653713716832 -0.018700148698 0.639964480006 0.816089217642 0.440192873976 0.369615837486 0.0601061995802 1.01778974999 -0.530232216824 1.57 -1.09379817876 0.578821862458 -1.57 
6.82 0.653719297755 -0.0187015067914 0.639973327677 0.81609200094 0.440190243915 0.369612650937 0.0601072660523 1.01780099943 -0.530224357664 1.57 -1.09381065822 0.578814019283 -1.57 
6.84 0.653724767409 -0.0187028372231 0.639981998226 0.816094728878 0.440187665965 0.369609527788 0.0601083122261 1.01781202748 -0.530216656221 1.57 -1.09382288621 0.578806334063 -1.57 
6.86 0.653730126932 -0.0187041412091 0.639990496162 0.816097402312 0.440185139042 0.369606467724 0.0601093364099 1.01782283708 -0.530209111271 1.57 -1.09383487073 0.578798804016 -1.57 
6.88 0.653735379442 -0.0187054188356 0.639998823931 0.81610002191 0.440182663362 0.369603468732 0.0601103403367 1.01783342799 -0.530201715035 1.57 -1.0938466164 0.578791423094 -1.57 
6.9 0.653740526162 -0.0187066709915 0.640006985701 0.816102589164 0.440180236737 0.369600530246 0.0601113232985 1.01784380746 -0.530194465591 1.57 -1.09385812791 0.578784191668 -1.57 
6.92 0.653745570759 -0.0187078975431 0.640014983656 0.816105105239 0.440177858619 0.369597649875 0.060112288187 1.01785398145 -0.530187360983 1.57 -1.0938694063 0.578777102935 -1.57 
6.94 0.653750514562 -0.0187090993239 0.640022821699 0.816107570517 0.440175528913 0.369594827117 0.0601132336478 1.01786395028 -0.530180399251 1.57 -1.09388046194 0.578770155974 -1.57 
6.96 0.653755358717 -0.0187102773291 0.640030503483 0.816109986856 0.440173244737 0.369592061334 0.0601141594873 1.01787372111 -0.530173574704 1.57 -1.09389129395 0.578763347409 -1.57 
6.98 0.65376010568 -0.0187114318254 0.640038032032 0.816112354538 0.440171006632 0.369589351203 0.0601150660739 1.01788329567 -0.530166888191 1.57 -1.09390191153 0.578756674695 -1.57 
7.0 0.653764757772 -0.0187125629995 0.640045409915 0.816114674991 0.44016881305 0.369586695165 0.0601159549545 1.01789267962 -0.530160334055 1.57 -1.09391231542 0.5787501353 -1.57 
7.02 0.653769316701 -0.0187136714816 0.640052640405 0.816116948876 0.440166663516 0.369584092377 0.0601168258315 1.01790187558 -0.530153911277 1.57 -1.09392251201 0.578743726342 -1.57 
7.04 0.653773784614 -0.0187147575969 0.640059726159 0.81611917716 0.440164557223 0.369581541527 0.060117679584 1.01791088709 -0.530147616202 1.57 -1.09393250443 0.578737444376 -1.57 
7.06 0.653778162962 -0.0187158219242 0.640066670476 0.816121360752 0.440162493138 0.36957904189 0.0601185159065 1.01791971869 -0.530141448075 1.57 -1.09394229838 0.578731288932 -1.57 
7.08 0.653782454227 -0.01871686453 0.640073475603 0.816123500425 0.440160470957 0.369576591895 0.0601193361945 1.01792837329 -0.530135403593 1.57 -1.09395189754 0.578725256709 -1.57 
7.1 0.653786659951 -0.0187178860387 0.640080144424 0.816125597381 0.440158489156 0.369574190665 0.0601201407069 1.01793685572 -0.53012947965 1.57 -1.09396130324 0.578719344004 -1.57 
7.12 0.653790780568 -0.0187188874589 0.640086680638 0.816127652495 0.440156546338 0.369571838204 0.0601209277648 1.0179451689 -0.530123673681 1.57 -1.09397052151 0.578713551087 -1.57 
7.14 0.653794818796 -0.0187198687898 0.64009308617 0.816129666332 0.440154642652 0.369569532823 0.0601216990205 1.01795331523 -0.530117984125 1.57 -1.09397955578 0.578707872782 -1.57 
7.16 0.65379877644 -0.0187208302599 0.640099363387 0.816131640241 0.440152776452 0.369567273321 0.0601224556099 1.01796130073 -0.530112406958 1.57 -1.09398840646 0.578702307646 -1.57 
7.18 0.653802655375 -0.0187217721344 0.640105514807 0.816133574245 0.440150948516 0.369565058729 0.0601231974919 1.017969125 -0.530106941944 1.57 -1.09399708239 0.578696853744 -1.57 
7.2 0.653806456421 -0.0187226952667 0.640111543523 0.816135469667 0.440149156766 0.369562888685 0.0601239241547 1.017976794 -0.53010158708 1.57 -1.09400558434 0.578691508744 -1.57 
7.22 0.653810181321 -0.0187235998711 0.640117451791 0.816137327039 0.440147401024 0.369560762154 0.060124636063 1.01798430912 -0.530096339206 1.57 -1.09401391729 0.578686271047 -1.57 
7.24 0.65381383169 -0.0187244863488 0.640123241916 0.816139147435 0.440145680028 0.369558678155 0.0601253339049 1.01799167504 -0.530091195856 1.57 -1.09402208186 0.578681137129 -1.57 
7.26 0.65381740919 -0.0187253549846 0.640128916213 0.816140931173 0.440143993924 0.369556635791 0.0601260178213 1.01799889282 -0.530086156065 1.57 -1.09403008414 0.578676104957 -1.57 
7.28 0.653820915156 -0.0187262060674 0.640134477026 0.816142679276 0.440142341458 0.369554634231 0.0601266882436 1.01800596697 -0.530081216843 1.57 -1.09403792649 0.578671174506 -1.57 
7.3 0.653824350618 -0.0187270402217 0.640139926967 0.816144392542 0.440140721604 0.369552672991 0.0601273448116 1.01801290078 -0.530076376735 1.57 -1.09404561181 0.578666343414 -1.57 
7.32 0.653827717559 -0.0187278575687 0.640145267773 0.816146071234 0.440139134766 0.369550750877 0.0601279883445 1.01801969414 -0.530071633082 1.57 -1.09405314437 0.578661607559 -1.57 
7.34 0.653831016956 -0.0187286585213 0.640150501923 0.816147716484 0.440137579316 0.369548867323 0.0601286189064 1.01802635268 -0.530066983972 1.57 -1.09406052605 0.578656967613 -1.57 
7.36 0.653834250023 -0.0187294435893 0.640155631556 0.816149328809 0.440136054849 0.369547021682 0.0601292364151 1.01803287701 -0.530062426019 1.57 -1.09406775967 0.578652419593 -1.57 
7.38 0.653837419069 -0.0187302124603 0.640160658259 0.816150908639 0.440134561576 0.369545212504 0.0601298424153 1.01803927121 -0.530057961072 1.57 -1.09407485046 0.578647963745 -1.57 
7.4 0.653840524228 -0.0187309662211 0.640165584824 0.816152456992 0.44013309769 0.369543439905 0.0601304356136 1.01804553798 -0.530053585254 1.57 -1.09408179858 0.578643596216 -1.57 
7.42 0.653843567218 -0.0187317049348 0.640170412898 0.816153974459 0.440131662874 0.369541702804 0.0601310169561 1.01805167979 -0.530049296517 1.57 -1.09408860657 0.578639314887 -1.57 
7.44 0.653846549432 -0.0187324286623 0.640175144349 0.81615546136 0.440130257185 0.369540000377 0.060131586742 1.01805769781 -0.530045093187 1.57 -1.09409528019 0.5786351205 -1.57 
7.46 0.653849471796 -0.0187331379748 0.640179781324 0.81615691854 0.440128879466 0.369538332154 0.0601321448767 1.01806359549 -0.530040973547 1.57 -1.09410182013 0.578631009769 -1.57 
7.48 0.653852335771 -0.0187338330652 0.640184325579 0.816158346558 0.440127529325 0.369536697281 0.0601326919196 1.01806937561 -0.530036936984 1.57 -1.094108229 0.578626980452 -1.57 
7.5 0.653855142451 -0.0187345141806 0.640188778911 0.816159745957 0.440126206282 0.369535095096 0.060133228053 1.01807503951 -0.530032980095 1.57 -1.09411450979 0.578623031667 -1.57 
7.52 0.6538578932 -0.0187351814571 0.640193143145 0.816161117413 0.440124909673 0.369533524811 0.0601337538313 1.01808059176 -0.530029103947 1.57 -1.09412066526 0.57861916299 -1.57 
7.54 0.653860588634 -0.0187358355185 0.640197420308 0.816162461365 0.440123638985 0.369531986174 0.0601342686 1.01808603219 -0.530025304796 1.57 -1.094126698 0.578615371309 -1.57 
7.56 0.653863230408 -0.0187364763259 0.640201611724 0.816163778431 0.440122393817 0.369530478107 0.0601347735266 1.0180913639 -0.530021581197 1.57 -1.09413260949 0.578611654846 -1.57 
7.58 0.653865819098 -0.0187371043167 0.640205719511 0.81616506909 0.44012117356 0.369529000385 0.0601352679846 1.01809658874 -0.530017931878 1.57 -1.09413840395 0.578608014135 -1.57 
7.6 0.653868356034 -0.0187377196799 0.640209745039 0.816166334289 0.440119977065 0.369527552117 0.0601357529931 1.01810171076 -0.530014354143 1.57 -1.09414407984 0.578604445875 -1.57 
7.62 0.653870842248 -0.0187383227252 0.640213690149 0.816167574109 0.440118804605 0.369526132852 0.0601362282231 1.0181067307 -0.530010849323 1.57 -1.09414964265 0.578600948645 -1.57 
7.64 0.653873278458 -0.0187389138511 0.640217556545 0.816168789049 0.440117655614 0.3695247422 0.0601366934702 1.01811164928 -0.530007413965 1.57 -1.09415509451 0.578597520742 -1.57 
7.66 0.653875666173 -0.0187394929538 0.640221345496 0.816169979725 0.44011652962 0.369523379181 0.060137149835 1.0181164705 -0.530004047991 1.57 -1.09416043725 0.57859416196 -1.57 
7.68 0.65387800609 -0.018740060465 0.640225058732 0.816171146395 0.440115426462 0.369522043491 0.0601375968596 1.01812119433 -0.530000749532 1.57 -1.09416567431 0.578590870258 -1.57 
7.7 0.653880299213 -0.018740616612 0.64022869765 0.816172289702 0.44011434542 0.369520734502 0.0601380349839 1.0181258231 -0.529997516109 1.57 -1.09417080623 0.578587643585 -1.57 
7.72 0.653882546399 -0.0187411616532 0.640232263859 0.81617341014 0.440113285953 0.369519451756 0.060138464246 1.01813035936 -0.529994347366 1.57 -1.09417583544 0.578584481233 -1.57 
7.74 0.653884748858 -0.0187416955718 0.640235758652 0.816174507893 0.440112248269 0.369518194533 0.0601388850658 1.01813480408 -0.529991242801 1.57 -1.09418076625 0.578581383256 -1.57 
7.76 0.653886907135 -0.0187422189207 0.640239183656 0.816175584087 0.440111230526 0.369516962522 0.0601392975827 1.01813916228 -0.529988200431 1.57 -1.09418559556 0.578578346217 -1.57 
7.78 0.653889022088 -0.0187427317786 0.640242540268 0.816176638587 0.440110233383 0.369515755274 0.0601397015316 1.01814343227 -0.529985218453 1.57 -1.09419032989 0.578575371056 -1.57 
7.8 0.65389109455 -0.0187432344757 0.64024582989 0.816177672037 0.440109256013 0.369514572318 0.0601400971488 1.01814761693 -0.529982295893 1.57 -1.0941949692 0.57857245504 -1.57 
7.82 0.653893125666 -0.0187437270552 0.640249053591 0.816178684924 0.440108298035 0.369513412911 0.0601404851616 1.01815171826 -0.529979430952 1.57 -1.09419951443 0.578569596596 -1.57 
7.84 0.653895116426 -0.0187442096276 0.640252212684 0.816179677235 0.440107359901 0.369512276549 0.0601408655532 1.01815573627 -0.529976624125 1.57 -1.09420397051 0.578566795042 -1.57 
7.86 0.653897067213 -0.0187446825485 0.640255308729 0.816180649884 0.440106440113 0.369511163002 0.0601412382858 1.01815967528 -0.529973873528 1.57 -1.09420833692 0.578564050569 -1.57 
7.88 0.653898978672 -0.0187451461583 0.640258343127 0.816181603127 0.440105538481 0.369510071975 0.0601416031017 1.0181635359 -0.529971178349 1.57 -1.0942126161 0.578561361221 -1.57 
7.9 0.653900851993 -0.0187456004449 0.640261316796 0.81618253719 0.440104655121 0.369509002725 0.0601419606663 1.01816731885 -0.52996853735 1.57 -1.09421681017 0.57855872526 -1.57 
7.92 0.65390268795 -0.0187460455454 0.640264230859 0.816183452541 0.440103789532 0.369507954759 0.0601423112925 1.01817102568 -0.529965948215 1.57 -1.09422092022 0.578556141906 -1.57 
7.94 0.653904487341 -0.0187464816488 0.640267086539 0.816184349618 0.440102941252 0.369506927631 0.060142655189 1.01817465883 -0.529963411015 1.57 -1.09422494761 0.578553609939 -1.57 
7.96 0.653906250594 -0.018746909061 0.640269885254 0.816185228918 0.440102109554 0.369505921144 0.0601429921186 1.01817822064 -0.529960924992 1.57 -1.0942288939 0.578551129295 -1.57 
7.98 0.653907978391 -0.0187473279948 0.640272628123 0.816186090557 0.440101294545 0.369504934938 0.0601433219775 1.01818171051 -0.52995848828 1.57 -1.09423276187 0.578548698411 -1.57 
8.0 0.653909671745 -0.018747738516 0.640275316033 0.816186934878 0.440100496031 0.369503968382 0.0601436453593 1.01818512994 -0.529956099963 1.57 -1.09423655236 0.578546315138 -1.57 
8.02 0.65391133145 -0.0187481407277 0.640277950048 0.816187762243 0.440099713696 0.369503021012 0.0601439625488 1.01818848086 -0.529953759771 1.57 -1.09424026698 0.578543978825 -1.57 
8.04 0.653912957733 -0.0187485349853 0.640280531591 0.816188573056 0.440098946908 0.369502092776 0.0601442730262 1.01819176489 -0.529951466758 1.57 -1.09424390781 0.578541689729 -1.57 
8.06 0.653914551382 -0.0187489213901 0.640283061562 0.816189367678 0.440098195358 0.369501183175 0.0601445771798 1.0181949832 -0.529949219176 1.57 -1.09424747566 0.578539446445 -1.57 
8.08 0.653916113365 -0.0187492998782 0.640285540759 0.816190146413 0.440097458926 0.369500291581 0.0601448756485 1.01819813738 -0.529947016212 1.57 -1.09425097219 0.578537248669 -1.57 
8.1 0.653917643988 -0.018749670847 0.640287970411 0.816190909516 0.44009673728 0.369499417903 0.0601451679549 1.0182012276 -0.529944856375 1.57 -1.09425439895 0.578535094573 -1.57 
8.12 0.653919144029 -0.0187500344013 0.640290351537 0.81619165732 0.440096030122 0.369498561716 0.0601454543734 1.01820425648 -0.529942741034 1.57 -1.09425775744 0.578532983324 -1.57 
8.14 0.653920614086 -0.0187503906555 0.640292685025 0.816192390133 0.440095337176 0.369497722641 0.0601457350824 1.01820722457 -0.529940667866 1.57 -1.09426104893 0.578530914278 -1.57 
8.16 0.653922054804 -0.0187507397443 0.640294971807 0.816193108279 0.440094658127 0.369496900304 0.0601460102713 1.01821013338 -0.52993863626 1.57 -1.09426427452 0.57852888645 -1.57 
8.18 0.653923466705 -0.0187510818291 0.640297212854 0.816193812164 0.440093992465 0.369496094398 0.0601462800604 1.01821298469 -0.529936645223 1.57 -1.09426743497 0.578526899285 -1.57 
8.2 0.653924850343 -0.0187514170729 0.640299409143 0.816194501905 0.440093340218 0.369495304651 0.0601465443413 1.01821577891 -0.529934694579 1.57 -1.09427053282 0.578524952028 -1.57 
8.22 0.653926206342 -0.0187517455762 0.640301561409 0.81619517785 0.440092701042 0.369494530648 0.0601468034538 1.01821851672 -0.529932781815 1.57 -1.09427356831 0.578523043349 -1.57 
8.24 0.65392753509 -0.0187520675632 0.64030367077 0.816195840234 0.440092074658 0.369493772245 0.0601470571251 1.01822119977 -0.529930907819 1.57 -1.09427654367 0.578521173164 -1.57 
8.26 0.653928837292 -0.0187523831164 0.640305737951 0.816196489396 0.440091460752 0.369493029 0.0601473057687 1.01822382951 -0.529929071695 1.57 -1.09427945918 0.578519339933 -1.57 
8.28 0.653930113489 -0.0187526922764 0.640307763723 0.816197125652 0.440090859009 0.369492300554 0.0601475496273 1.01822640704 -0.529927271726 1.57 -1.09428231602 0.578517543918 -1.57 
8.3 0.653931363982 -0.0187529953606 0.6403097491 0.816197749154 0.44009026927 0.369491586821 0.0601477883073 1.01822893255 -0.529925507434 1.57 -1.09428511581 0.578515783481 -1.57 
8.32 0.653932589648 -0.0187532922545 0.640311694635 0.816198360203 0.440089691374 0.369490887212 0.0601480225386 1.01823140788 -0.529923778463 1.57 -1.09428785943 0.578514058425 -1.57 
8.34 0.653933790691 -0.0187535832838 0.640313601361 0.816198958999 0.440089125036 0.369490201698 0.0601482518698 1.01823383353 -0.529922084282 1.57 -1.09429054836 0.578512367601 -1.57 
8.36 0.653934967797 -0.0187538684241 0.640315469905 0.816199545816 0.440088570065 0.369489529829 0.0601484767517 1.01823621087 -0.529920424167 1.57 -1.09429318358 0.578510710793 -1.57 
8.38 0.653936121398 -0.0187541478188 0.640317301027 0.816200120865 0.44008802627 0.36948887136 0.0601486972027 1.01823854037 -0.529918796869 1.57 -1.09429576619 0.578509087145 -1.57 
8.4 0.653937251777 -0.0187544217165 0.640319095621 0.816200684418 0.440087493273 0.369488226176 0.0601489130187 1.01824082301 -0.529917201751 1.57 -1.09429829702 0.57850749565 -1.57 
8.42 0.653938359734 -0.0187546899967 0.640320854207 0.816201236687 0.440086971039 0.369487593751 0.0601491248162 1.01824306035 -0.529915638898 1.57 -1.09430077742 0.578505936425 -1.57 
8.44 0.653939445398 -0.0187549529771 0.640322577723 0.816201777882 0.44008645924 0.369486974084 0.0601493321453 1.01824525266 -0.529914107208 1.57 -1.09430320849 0.578504408413 -1.57 
8.46 0.653940509419 -0.0187552106742 0.640324266737 0.816202308312 0.440085957591 0.369486366758 0.0601495354737 1.01824740168 -0.529912606493 1.57 -1.0943055904 0.578502910646 -1.57 
8.48 0.653941552151 -0.0187554632124 0.640325921977 0.816202828001 0.440085466214 0.369485771602 0.0601497346191 1.01824950689 -0.529911135694 1.57 -1.09430792548 0.578501442816 -1.57 
8.5 0.653942573952 -0.0187557107051 0.640327544151 0.816203337432 0.440084984383 0.369485188377 0.0601499298071 1.01825157073 -0.529909694012 1.57 -1.09431021321 0.578500004757 -1.57 
8.52 0.653943575334 -0.0187559532448 0.640329133901 0.816203836533 0.440084512448 0.369484616836 0.0601501209804 1.01825359265 -0.529908281576 1.57 -1.09431245605 0.578498595344 -1.57 
8.54 0.653944556755 -0.0187561909123 0.640330691785 0.816204325625 0.440084050031 0.369484056674 0.060150308425 1.0182555738 -0.529906897052 1.57 -1.09431465385 0.578497213591 -1.57 
8.56 0.653945518526 -0.0187564238086 0.640332218533 0.816204804966 0.440083596795 0.369483507724 0.0601504921267 1.01825751561 -0.529905540264 1.57 -1.09431680769 0.578495859867 -1.57 
8.58 0.653946461087 -0.0187566520271 0.640333714732 0.816205274748 0.44008315258 0.36948296973 0.0601506722219 1.01825941884 -0.529904210677 1.57 -1.09431891826 0.578494533202 -1.57 
8.6 0.653947384749 -0.0187568757026 0.640335181035 0.816205735198 0.440082717109 0.369482442522 0.0601508487022 1.01826128432 -0.529902907538 1.57 -1.09432098621 0.578493233036 -1.57 
8.62 0.65394828992 -0.0187570949345 0.640336618046 0.816206186393 0.440082290416 0.369481925891 0.0601510215656 1.01826311229 -0.529901630733 1.57 -1.09432301297 0.578491958538 -1.57 
8.64 0.65394917708 -0.0187573097141 0.640338026254 0.816206628572 0.440081872282 0.369481419518 0.0601511911348 1.01826490392 -0.529900379571 1.57 -1.09432499916 0.578490709673 -1.57 
8.66 0.653950046428 -0.0187575202126 0.640339406355 0.816207061912 0.440081462471 0.369480923322 0.0601513572162 1.01826665979 -0.529899153462 1.57 -1.0943269458 0.578489486115 -1.57 
8.68 0.653950898359 -0.0187577265396 0.640340758873 0.816207486575 0.440081060858 0.36948043708 0.0601515199133 1.01826838035 -0.529897951779 1.57 -1.09432885336 0.578488286575 -1.57 
8.7 0.653951733285 -0.0187579286826 0.640342084298 0.816207902733 0.44008066732 0.369479960524 0.0601516794344 1.01827006642 -0.529896773845 1.57 -1.09433072297 0.578487111438 -1.57 
8.72 0.653952551564 -0.0187581267934 0.640343383191 0.816208310581 0.44008028164 0.369479493472 0.0601518358315 1.01827171891 -0.529895619717 1.57 -1.09433255478 0.578485959153 -1.57 
8.74 0.653953353434 -0.0187583209229 0.64034465612 0.816208710251 0.440079903701 0.369479035782 0.0601519890513 1.01827333814 -0.529894488322 1.57 -1.09433435029 0.578484830419 -1.57 
8.76 0.653954139157 -0.0187585112197 0.64034590367 0.816209101946 0.440079533236 0.369478587327 0.0601521390539 1.01827492501 -0.529893379483 1.57 -1.09433610991 0.578483724391 -1.57 
8.78 0.65395490933 -0.0187586976453 0.640347126166 0.816209485777 0.440079170304 0.369478147729 0.0601522862714 1.01827648018 -0.529892293141 1.57 -1.09433783423 0.578482640017 -1.57 
8.8 0.653955664002 -0.0187588803767 0.640348324288 0.816209861935 0.440078814577 0.369477716996 0.0601524304029 1.01827800426 -0.529891228512 1.57 -1.09433952423 0.578481577612 -1.57 
8.82 0.653956403557 -0.0187590594768 0.640349498447 0.816210230575 0.440078465947 0.369477294894 0.0601525716241 1.0182794977 -0.529890184886 1.57 -1.09434118023 0.57848053615 -1.57 
8.84 0.653957128331 -0.0187592349857 0.640350649135 0.81621059181 0.440078124347 0.369476881235 0.0601527100031 1.01828096124 -0.529889162403 1.57 -1.09434280337 0.578479515582 -1.57 
8.86 0.653957838583 -0.0187594069814 0.640351776831 0.816210945858 0.4400777895 0.369476475862 0.0601528456131 1.01828239577 -0.529888160388 1.57 -1.09434439394 0.578478515658 -1.57 
8.88 0.653958534734 -0.0187595754689 0.640352881907 0.816211292815 0.440077461411 0.369476078517 0.0601529786688 1.01828380176 -0.529887178582 1.57 -1.09434595277 0.578477535856 -1.57 
8.9 0.653959216914 -0.0187597406192 0.640353964921 0.816211632848 0.440077139831 0.369475689159 0.0601531089962 1.0182851797 -0.52988621646 1.57 -1.0943474803 0.57847657553 -1.57 
8.92 0.653959885436 -0.0187599024646 0.640355026287 0.816211966045 0.440076824743 0.369475307602 0.0601532366693 1.01828652987 -0.529885273562 1.57 -1.09434897756 0.578475634509 -1.57 
8.94 0.653960540568 -0.0187600610833 0.640356066435 0.816212292605 0.440076515897 0.369474933686 0.0601533617856 1.01828785314 -0.529884349421 1.57 -1.09435044467 0.578474712245 -1.57 
8.96 0.653961182657 -0.018760216493 0.640357085727 0.816212612626 0.440076213269 0.3694745672 0.0601534844988 1.01828914991 -0.529883443665 1.57 -1.09435188238 0.578473808359 -1.57 
8.98 0.653961811849 -0.018760368829 0.640358084662 0.816212926288 0.440075916593 0.369474208079 0.0601536047102 1.01829042083 -0.529882555798 1.57 -1.09435329102 0.578472922403 -1.57 
9.0 0.653962428445 -0.0187605181327 0.640359063651 0.816213233615 0.440075625953 0.369473856168 0.0601537224287 1.01829166611 -0.529881686016 1.57 -1.09435467189 0.578472054102 -1.57 
9.02 0.653963032753 -0.0187606644051 0.640360023022 0.816213534805 0.44007534113 0.369473511253 0.0601538378877 1.01829288658 -0.529880833536 1.57 -1.09435602515 0.578471203403 -1.57 
9.04 0.653963625012 -0.0187608077411 0.640360963174 0.816213829974 0.440075062014 0.369473173208 0.0601539510972 1.01829408263 -0.529879998071 1.57 -1.09435735118 0.578470369484 -1.57 
9.06 0.653964205397 -0.0187609482167 0.640361884534 0.816214119236 0.440074788475 0.369472841942 0.0601540620069 1.01829525466 -0.529879179124 1.57 -1.09435865072 0.57846955231 -1.57 
9.08 0.653964774124 -0.0187610859115 0.640362787514 0.816214402741 0.44007452033 0.369472517341 0.0601541706347 1.01829640345 -0.529878376675 1.57 -1.09435992417 0.578468751498 -1.57 
9.1 0.653965331495 -0.0187612208515 0.640363672417 0.816214680547 0.440074257607 0.369472199222 0.0601542770959 1.01829752905 -0.529877590215 1.57 -1.09436117219 0.578467966475 -1.57 
9.12 0.653965877764 -0.018761353045 0.640364539612 0.816214952787 0.440074000175 0.369471887434 0.0601543814892 1.01829863235 -0.529876819839 1.57 -1.09436239553 0.578467197565 -1.57 
9.14 0.653966413043 -0.0187614826358 0.640365389501 0.816215219619 0.440073747795 0.369471581926 0.0601544837262 1.01829971368 -0.52987606472 1.57 -1.09436359413 0.578466443896 -1.57 
9.16 0.65396693763 -0.0187616096114 0.64036622238 0.816215481085 0.440073500526 0.369471282517 0.0601545839263 1.01830077322 -0.529875324624 1.57 -1.09436476901 0.578465705487 -1.57 
9.18 0.653967451751 -0.0187617340291 0.640367038565 0.816215737315 0.440073258228 0.36947098907 0.0601546821725 1.01830181142 -0.529874599079 1.57 -1.09436592033 0.578464981779 -1.57 
9.2 0.653967955515 -0.0187618560215 0.640367838504 0.816215988412 0.440073020751 0.369470701565 0.0601547783019 1.01830282886 -0.52987388834 1.57 -1.09436704868 0.578464272309 -1.57 
9.22 0.65396844931 -0.018761975502 0.640368622366 0.816216234512 0.440072788025 0.36947041972 0.0601548727088 1.01830382624 -0.529873191877 1.57 -1.09436815428 0.57846357716 -1.57 
9.24 0.653968933163 -0.0187620926161 0.640369390588 0.816216475686 0.440072559934 0.369470143559 0.0601549651325 1.01830480354 -0.529872509131 1.57 -1.09436923789 0.578462896069 -1.57 
9.26 0.653969407334 -0.0187622073997 0.640370143459 0.816216712019 0.440072336433 0.369469872932 0.0601550556752 1.01830576121 -0.529871840152 1.57 -1.09437029989 0.578462228468 -1.57 
9.28 0.653969872043 -0.0187623198736 0.640370881254 0.816216943639 0.440072117386 0.369469607697 0.0601551444559 1.01830669982 -0.529871184531 1.57 -1.09437134054 0.578461574207 -1.57 
9.3 0.653970327429 -0.0187624301045 0.640371604304 0.816217170644 0.440071902676 0.369469347783 0.0601552314425 1.01830761969 -0.529870541838 1.57 -1.0943723603 0.578460933115 -1.57 
9.32 0.653970773713 -0.0187625381277 0.640372312904 0.816217393107 0.440071692263 0.369469093067 0.0601553166879 1.01830852127 -0.529869912239 1.57 -1.09437335973 0.578460304891 -1.57 
9.34 0.653971211098 -0.0187626439766 0.640373007313 0.816217611126 0.44007148606 0.369468843425 0.0601554002751 1.01830940489 -0.529869295247 1.57 -1.09437433909 0.578459689182 -1.57 
9.36 0.653971639716 -0.0187627477264 0.640373687838 0.816217824748 0.440071284042 0.369468598794 0.0601554821325 1.01831027047 -0.529868690411 1.57 -1.09437529899 0.578459085593 -1.57 
9.38 0.653972059776 -0.0187628493859 0.640374354757 0.816218034135 0.440071085996 0.369468359043 0.0601555624024 1.01831111914 -0.529868097906 1.57 -1.09437623956 0.578458494251 -1.57 
9.4 0.653972471507 -0.0187629489888 0.640375008281 0.816218239286 0.440070892033 0.36946812404 0.060155641136 1.01831195052 -0.529867517222 1.57 -1.0943771614 0.578457914393 -1.57 
9.42 0.653972874947 -0.0187630466138 0.640375648768 0.816218440352 0.440070701893 0.369467893772 0.0601557182343 1.01831276531 -0.529866947998 1.57 -1.09437806482 0.578457346365 -1.57 
9.44 0.65397327035 -0.0187631422696 0.640376276425 0.816218637404 0.440070515555 0.369467668086 0.0601557938451 1.01831356391 -0.529866390228 1.57 -1.09437895009 0.578456789673 -1.57 
9.46 0.653973657814 -0.0187632360156 0.640376891553 0.816218830512 0.440070332937 0.369467446934 0.0601558678998 1.01831434653 -0.529865843607 1.57 -1.0943798178 0.57845624432 -1.57 
9.48 0.653974037497 -0.0187633279141 0.640377494405 0.816219019756 0.440070153957 0.369467230235 0.0601559404138 1.01831511346 -0.529865307939 1.57 -1.09438066812 0.578455709731 -1.57 
9.5 0.653974409609 -0.0187634179694 0.640378085184 0.816219205216 0.440069978565 0.369467017853 0.060156011511 1.01831586506 -0.529864783002 1.57 -1.09438150135 0.578455185693 -1.57 
9.52 0.653974774335 -0.0187635061817 0.64037866411 0.816219386958 0.440069806721 0.369466809676 0.0601560812725 1.01831660169 -0.529864268653 1.57 -1.09438231801 0.578454672285 -1.57 
9.54 0.653975131738 -0.0187635926485 0.640379231471 0.816219565064 0.440069638305 0.369466605682 0.0601561495959 1.01831732349 -0.529863764465 1.57 -1.0943831183 0.578454169053 -1.57 
9.56 0.653975481986 -0.0187636773938 0.640379787503 0.816219739616 0.440069473236 0.369466405778 0.0601562165388 1.01831803098 -0.529863270535 1.57 -1.09438390256 0.578453675873 -1.57 
9.58 0.653975825208 -0.0187637604459 0.640380332424 0.816219910675 0.440069311464 0.369466209885 0.0601562821158 1.01831872428 -0.529862786403 1.57 -1.09438467121 0.578453192681 -1.57 
9.6 0.65397616159 -0.0187638418314 0.640380866432 0.816220078325 0.440069152913 0.369466017893 0.0601563464252 1.01831940381 -0.529862312002 1.57 -1.09438542433 0.578452719022 -1.57 
9.62 0.653976491266 -0.0187639215729 0.640381389731 0.816220242586 0.440068997614 0.369465829722 0.0601564094645 1.01832006944 -0.529861846876 1.57 -1.09438616255 0.578452254802 -1.57 
9.64 0.653976814311 -0.0187639997333 0.640381902588 0.816220403577 0.440068845377 0.36946564534 0.0601564712012 1.01832072182 -0.529861391016 1.57 -1.09438688598 0.578451799965 -1.57 
9.66 0.653977130882 -0.018764076339 0.640382405205 0.816220561369 0.440068696137 0.369465464656 0.0601565316953 1.01832136132 -0.529860944352 1.57 -1.09438759484 0.578451354239 -1.57 
9.68 0.653977441121 -0.0187641514161 0.640382897765 0.816220715988 0.440068549914 0.369465287587 0.0601565909659 1.01832198789 -0.529860506558 1.57 -1.09438828957 0.578450917335 -1.57 
9.7 0.653977745161 -0.0187642249778 0.640383380478 0.816220867559 0.440068406536 0.369465114049 0.0601566490973 1.01832260229 -0.529860077638 1.57 -1.09438897025 0.578450489375 -1.57 
9.72 0.653978043133 -0.0187642970634 0.640383853523 0.816221016075 0.440068266075 0.369464943975 0.0601567060698 1.01832320423 -0.529859657237 1.57 -1.0943896374 0.578450069893 -1.57 
9.74 0.653978335136 -0.0187643677193 0.640384317121 0.81622116159 0.440068128472 0.369464777317 0.0601567618542 1.01832379396 -0.529859245327 1.57 -1.09439029137 0.578449658716 -1.57 
9.76 0.653978621319 -0.0187644369445 0.640384771429 0.81622130419 0.440067993642 0.369464613976 0.060156816556 1.01832437188 -0.529858841624 1.57 -1.09439093231 0.57844925583 -1.57 
9.78 0.653978901773 -0.0187645047997 0.640385216653 0.816221443947 0.440067861488 0.369464453906 0.0601568701585 1.01832493824 -0.529858445949 1.57 -1.09439156027 0.5784488608 -1.57 
9.8 0.653979176577 -0.0187645713102 0.640385653003 0.816221580927 0.440067731924 0.369464297065 0.0601569226445 1.01832549339 -0.529858058182 1.57 -1.09439217568 0.578448473847 -1.57 
9.82 0.653979445897 -0.0187646364883 0.640386080624 0.816221715158 0.440067604973 0.369464143356 0.0601569740857 1.01832603744 -0.529857678291 1.57 -1.09439277881 0.578448094576 -1.57 
9.84 0.653979709835 -0.0187647003571 0.640386499685 0.81622184672 0.440067480536 0.369463992714 0.0601570245223 1.01832657067 -0.529857305921 1.57 -1.09439336978 0.578447722918 -1.57 
9.86 0.653979968497 -0.0187647629394 0.640386910362 0.816221975626 0.440067358636 0.369463845083 0.0601570739382 1.01832709309 -0.529856940967 1.57 -1.09439394914 0.578447358788 -1.57 
