0 0.979473931449 -0.0331361576739 1.05516107367 
0.02 0.979473931449 -0.0331361576739 1.05516107367 
0.04 0.979473931449 -0.0331361576739 1.05516107367 
0.06 0.979473931449 -0.0331361576739 1.05516107367 
0.08 0.979473931449 -0.0331361576739 1.05516107367 
0.1 0.979473931449 -0.0331361576739 1.05516107367 
0.12 0.979473931449 -0.0331361576739 1.05516107367 
0.14 0.979473931449 -0.0331361576739 1.05516107367 
0.16 0.979473931449 -0.0331361576739 1.05516107367 
0.18 0.979473931449 -0.0331361576739 1.05516107367 
0.2 0.979473931449 -0.0331361576739 1.05516107367 
0.22 0.979473931449 -0.0331361576739 1.05516107367 
0.24 0.979473931449 -0.0331361576739 1.05516107367 
0.26 0.979473931449 -0.0331361576739 1.05516107367 
0.28 0.979473931449 -0.0331361576739 1.05516107367 
0.3 0.979473931449 -0.0331361576739 1.05516107367 
0.32 0.979473931449 -0.0331361576739 1.05516107367 
0.34 0.979473931449 -0.0331361576739 1.05516107367 
0.36 0.979473931449 -0.0331361576739 1.05516107367 
0.38 0.979473931449 -0.0331361576739 1.05516107367 
0.4 0.979473931449 -0.0331361576739 1.05516107367 
0.42 0.979473931449 -0.0331361576739 1.05516107367 
0.44 0.979473931449 -0.0331361576739 1.05516107367 
0.46 0.979473931449 -0.0331361576739 1.05516107367 
0.48 0.979473931449 -0.0331361576739 1.05516107367 
0.5 0.979473931449 -0.0331361576739 1.05516107367 
0.52 0.979473931449 -0.0331361576739 1.05516107367 
0.54 0.979473931449 -0.0331361576739 1.05516107367 
0.56 0.979473931449 -0.0331361576739 1.05516107367 
0.58 0.979473931449 -0.0331361576739 1.05516107367 
0.6 0.979473931449 -0.0331361576739 1.05516107367 
0.62 0.979473931449 -0.0331361576739 1.05516107367 
0.64 0.979473931449 -0.0331361576739 1.05516107367 
0.66 0.979473931449 -0.0331361576739 1.05516107367 
0.68 0.979473931449 -0.0331361576739 1.05516107367 
0.7 0.979473931449 -0.0331361576739 1.05516107367 
0.72 0.979473931449 -0.0331361576739 1.05516107367 
0.74 0.979473931449 -0.0331361576739 1.05516107367 
0.76 0.979473931449 -0.0331361576739 1.05516107367 
0.78 0.979473931449 -0.0331361576739 1.05516107367 
0.8 0.979473931449 -0.0331361576739 1.05516107367 
0.82 0.979473931449 -0.0331361576739 1.05516107367 
0.84 0.979473931449 -0.0331361576739 1.05516107367 
0.86 0.979473931449 -0.0331361576739 1.05516107367 
0.88 0.979473931449 -0.0331361576739 1.05516107367 
0.9 0.979473931449 -0.0331361576739 1.05516107367 
0.92 0.979473931449 -0.0331361576739 1.05516107367 
0.94 0.979473931449 -0.0331361576739 1.05516107367 
0.96 0.979473931449 -0.0331361576739 1.05516107367 
0.98 0.979473931449 -0.0331361576739 1.05516107367 
1.0 0.979473931449 -0.0331361576739 1.05516107367 
1.02 0.979473931449 -0.0331361576739 1.05516107367 
1.04 0.979473931449 -0.0331361576739 1.05516107367 
1.06 0.979473931449 -0.0331361576739 1.05516107367 
1.08 0.979473931449 -0.0331361576739 1.05516107367 
1.1 0.979473931449 -0.0331361576739 1.05516107367 
1.12 0.979473931449 -0.0331361576739 1.05516107367 
1.14 0.979473931449 -0.0331361576739 1.05516107367 
1.16 0.979473931449 -0.0331361576739 1.05516107367 
1.18 0.979473931449 -0.0331361576739 1.05516107367 
1.2 0.979473931449 -0.0331361576739 1.05516107367 
1.22 0.979473931449 -0.0331361576739 1.05516107367 
1.24 0.979473931449 -0.0331361576739 1.05516107367 
1.26 0.979473931449 -0.0331361576739 1.05516107367 
1.28 0.979473931449 -0.0331361576739 1.05516107367 
1.3 0.979473931449 -0.0331361576739 1.05516107367 
1.32 0.979473931449 -0.0331361576739 1.05516107367 
1.34 0.979473931449 -0.0331361576739 1.05516107367 
1.36 0.979473931449 -0.0331361576739 1.05516107367 
1.38 0.979473931449 -0.0331361576739 1.05516107367 
1.4 0.979473931449 -0.0331361576739 1.05516107367 
1.42 0.979473931449 -0.0331361576739 1.05516107367 
1.44 0.979473931449 -0.0331361576739 1.05516107367 
1.46 0.979473931449 -0.0331361576739 1.05516107367 
1.48 0.979473931449 -0.0331361576739 1.05516107367 
1.5 0.979473931449 -0.0331361576739 1.05516107367 
1.52 0.979473931449 -0.0331361576739 1.05516107367 
1.54 0.979473931449 -0.0331361576739 1.05516107367 
1.56 0.979473931449 -0.0331361576739 1.05516107367 
1.58 0.979473931449 -0.0331361576739 1.05516107367 
1.6 0.979473931449 -0.0331361576739 1.05516107367 
1.62 0.979473931449 -0.0331361576739 1.05516107367 
1.64 0.979473931449 -0.0331361576739 1.05516107367 
1.66 0.979473931449 -0.0331361576739 1.05516107367 
1.68 0.979473931449 -0.0331361576739 1.05516107367 
1.7 0.979473931449 -0.0331361576739 1.05516107367 
1.72 0.979473931449 -0.0331361576739 1.05516107367 
1.74 0.979473931449 -0.0331361576739 1.05516107367 
1.76 0.979473931449 -0.0331361576739 1.05516107367 
1.78 0.979473931449 -0.0331361576739 1.05516107367 
1.8 0.979473931449 -0.0331361576739 1.05516107367 
1.82 0.979473931449 -0.0331361576739 1.05516107367 
1.84 0.979473931449 -0.0331361576739 1.05516107367 
1.86 0.979473931449 -0.0331361576739 1.05516107367 
1.88 0.979473931449 -0.0331361576739 1.05516107367 
1.9 0.979473931449 -0.0331361576739 1.05516107367 
1.92 0.979473931449 -0.0331361576739 1.05516107367 
1.94 0.979473931449 -0.0331361576739 1.05516107367 
1.96 0.979473931449 -0.0331361576739 1.05516107367 
1.98 0.979473931449 -0.0331361576739 1.05516107367 
2.0 0.979473931449 -0.0331361576739 1.05516107367 
2.02 0.979473931449 -0.0331361576739 1.05516107367 
2.04 0.979473931449 -0.0331361576739 1.05516107367 
2.06 0.979473931449 -0.0331361576739 1.05516107367 
2.08 0.979473931449 -0.0331361576739 1.05516107367 
2.1 0.979473931449 -0.0331361576739 1.05516107367 
2.12 0.979473931449 -0.0331361576739 1.05516107367 
2.14 0.979473931449 -0.0331361576739 1.05516107367 
2.16 0.979473931449 -0.0331361576739 1.05516107367 
2.18 0.979473931449 -0.0331361576739 1.05516107367 
2.2 0.979473931449 -0.0331361576739 1.05516107367 
2.22 0.979473931449 -0.0331361576739 1.05516107367 
2.24 0.979473931449 -0.0331361576739 1.05516107367 
2.26 0.979473931449 -0.0331361576739 1.05516107367 
2.28 0.979473931449 -0.0331361576739 1.05516107367 
2.3 0.979473931449 -0.0331361576739 1.05516107367 
2.32 0.979473931449 -0.0331361576739 1.05516107367 
2.34 0.979473931449 -0.0331361576739 1.05516107367 
2.36 0.979473931449 -0.0331361576739 1.05516107367 
2.38 0.979473931449 -0.0331361576739 1.05516107367 
2.4 0.979473931449 -0.0331361576739 1.05516107367 
2.42 0.979473931449 -0.0331361576739 1.05516107367 
2.44 0.979473931449 -0.0331361576739 1.05516107367 
2.46 0.979473931449 -0.0331361576739 1.05516107367 
2.48 0.979473931449 -0.0331361576739 1.05516107367 
2.5 0.979473931449 -0.0331361576739 1.05516107367 
2.52 0.979473931449 -0.0331361576739 1.05516107367 
2.54 0.979473931449 -0.0331361576739 1.05516107367 
2.56 0.979473931449 -0.0331361576739 1.05516107367 
2.58 0.979473931449 -0.0331361576739 1.05516107367 
2.6 0.979473931449 -0.0331361576739 1.05516107367 
2.62 0.979473931449 -0.0331361576739 1.05516107367 
2.64 0.979473931449 -0.0331361576739 1.05516107367 
2.66 0.979473931449 -0.0331361576739 1.05516107367 
2.68 0.979473931449 -0.0331361576739 1.05516107367 
2.7 0.979473931449 -0.0331361576739 1.05516107367 
2.72 0.979473931449 -0.0331361576739 1.05516107367 
2.74 0.979473931449 -0.0331361576739 1.05516107367 
2.76 0.979473931449 -0.0331361576739 1.05516107367 
2.78 0.979473931449 -0.0331361576739 1.05516107367 
2.8 0.979473931449 -0.0331361576739 1.05516107367 
2.82 0.979473931449 -0.0331361576739 1.05516107367 
2.84 0.979473931449 -0.0331361576739 1.05516107367 
2.86 0.979473931449 -0.0331361576739 1.05516107367 
2.88 0.979473931449 -0.0331361576739 1.05516107367 
2.9 0.979473931449 -0.0331361576739 1.05516107367 
2.92 0.979473931449 -0.0331361576739 1.05516107367 
2.94 0.979473931449 -0.0331361576739 1.05516107367 
2.96 0.979473931449 -0.0331361576739 1.05516107367 
2.98 0.979473931449 -0.0331361576739 1.05516107367 
3.0 0.979473931449 -0.0331361576739 1.05516107367 
3.02 0.979473931449 -0.0331361576739 1.05516107367 
3.04 0.979473931449 -0.0331361576739 1.05516107367 
3.06 0.979473931449 -0.0331361576739 1.05516107367 
3.08 0.979473931449 -0.0331361576739 1.05516107367 
3.1 0.979473931449 -0.0331361576739 1.05516107367 
3.12 0.979473931449 -0.0331361576739 1.05516107367 
3.14 0.979473931449 -0.0331361576739 1.05516107367 
3.16 0.979473931449 -0.0331361576739 1.05516107367 
3.18 0.979473931449 -0.0331361576739 1.05516107367 
3.2 0.979473931449 -0.0331361576739 1.05516107367 
3.22 0.979473931449 -0.0331361576739 1.05516107367 
3.24 0.979473931449 -0.0331361576739 1.05516107367 
3.26 0.979473931449 -0.0331361576739 1.05516107367 
3.28 0.979473931449 -0.0331361576739 1.05516107367 
3.3 0.979473931449 -0.0331361576739 1.05516107367 
3.32 0.979473931449 -0.0331361576739 1.05516107367 
3.34 0.979473931449 -0.0331361576739 1.05516107367 
3.36 0.979473931449 -0.0331361576739 1.05516107367 
3.38 0.979473931449 -0.0331361576739 1.05516107367 
3.4 0.979473931449 -0.0331361576739 1.05516107367 
3.42 0.979473931449 -0.0331361576739 1.05516107367 
3.44 0.979473931449 -0.0331361576739 1.05516107367 
3.46 0.979473931449 -0.0331361576739 1.05516107367 
3.48 0.979473931449 -0.0331361576739 1.05516107367 
3.5 0.979473931449 -0.0331361576739 1.05516107367 
3.52 0.979473931449 -0.0331361576739 1.05516107367 
3.54 0.979473931449 -0.0331361576739 1.05516107367 
3.56 0.979473931449 -0.0331361576739 1.05516107367 
3.58 0.979473931449 -0.0331361576739 1.05516107367 
3.6 0.979473931449 -0.0331361576739 1.05516107367 
3.62 0.979473931449 -0.0331361576739 1.05516107367 
3.64 0.979473931449 -0.0331361576739 1.05516107367 
3.66 0.979473931449 -0.0331361576739 1.05516107367 
3.68 0.979473931449 -0.0331361576739 1.05516107367 
3.7 0.979473931449 -0.0331361576739 1.05516107367 
3.72 0.979473931449 -0.0331361576739 1.05516107367 
3.74 0.979473931449 -0.0331361576739 1.05516107367 
3.76 0.979473931449 -0.0331361576739 1.05516107367 
3.78 0.979473931449 -0.0331361576739 1.05516107367 
3.8 0.979473931449 -0.0331361576739 1.05516107367 
3.82 0.979473931449 -0.0331361576739 1.05516107367 
3.84 0.979473931449 -0.0331361576739 1.05516107367 
3.86 0.979473931449 -0.0331361576739 1.05516107367 
3.88 0.979473931449 -0.0331361576739 1.05516107367 
3.9 0.979473931449 -0.0331361576739 1.05516107367 
3.92 0.979473931449 -0.0331361576739 1.05516107367 
3.94 0.979473931449 -0.0331361576739 1.05516107367 
3.96 0.979473931449 -0.0331361576739 1.05516107367 
3.98 0.979473931449 -0.0331361576739 1.05516107367 
4.0 0.979473931449 -0.0331361576739 1.05516107367 
4.02 0.979473931449 -0.0331361576739 1.05516107367 
4.04 0.979473931449 -0.0331361576739 1.05516107367 
4.06 0.979473931449 -0.0331361576739 1.05516107367 
4.08 0.979473931449 -0.0331361576739 1.05516107367 
4.1 0.979473931449 -0.0331361576739 1.05516107367 
4.12 0.979473931449 -0.0331361576739 1.05516107367 
4.14 0.979473931449 -0.0331361576739 1.05516107367 
4.16 0.979473931449 -0.0331361576739 1.05516107367 
4.18 0.979473931449 -0.0331361576739 1.05516107367 
4.2 0.979473931449 -0.0331361576739 1.05516107367 
4.22 0.979473931449 -0.0331361576739 1.05516107367 
4.24 0.979473931449 -0.0331361576739 1.05516107367 
4.26 0.979473931449 -0.0331361576739 1.05516107367 
4.28 0.979473931449 -0.0331361576739 1.05516107367 
4.3 0.979473931449 -0.0331361576739 1.05516107367 
4.32 0.979473931449 -0.0331361576739 1.05516107367 
4.34 0.979473931449 -0.0331361576739 1.05516107367 
4.36 0.979473931449 -0.0331361576739 1.05516107367 
4.38 0.979473931449 -0.0331361576739 1.05516107367 
4.4 0.979473931449 -0.0331361576739 1.05516107367 
4.42 0.979473931449 -0.0331361576739 1.05516107367 
4.44 0.979473931449 -0.0331361576739 1.05516107367 
4.46 0.979473931449 -0.0331361576739 1.05516107367 
4.48 0.979473931449 -0.0331361576739 1.05516107367 
4.5 0.979473931449 -0.0331361576739 1.05516107367 
4.52 0.979473931449 -0.0331361576739 1.05516107367 
4.54 0.979473931449 -0.0331361576739 1.05516107367 
4.56 0.979473931449 -0.0331361576739 1.05516107367 
4.58 0.979473931449 -0.0331361576739 1.05516107367 
4.6 0.979473931449 -0.0331361576739 1.05516107367 
4.62 0.979473931449 -0.0331361576739 1.05516107367 
4.64 0.979473931449 -0.0331361576739 1.05516107367 
4.66 0.979473931449 -0.0331361576739 1.05516107367 
4.68 0.979473931449 -0.0331361576739 1.05516107367 
4.7 0.979473931449 -0.0331361576739 1.05516107367 
4.72 0.979473931449 -0.0331361576739 1.05516107367 
4.74 0.979473931449 -0.0331361576739 1.05516107367 
4.76 0.979473931449 -0.0331361576739 1.05516107367 
4.78 0.979473931449 -0.0331361576739 1.05516107367 
4.8 0.979473931449 -0.0331361576739 1.05516107367 
4.82 0.979473931449 -0.0331361576739 1.05516107367 
4.84 0.979473931449 -0.0331361576739 1.05516107367 
4.86 0.979473931449 -0.0331361576739 1.05516107367 
4.88 0.979473931449 -0.0331361576739 1.05516107367 
4.9 0.979473931449 -0.0331361576739 1.05516107367 
4.92 0.979473931449 -0.0331361576739 1.05516107367 
4.94 0.979473931449 -0.0331361576739 1.05516107367 
4.96 0.979473931449 -0.0331361576739 1.05516107367 
4.98 0.979473931449 -0.0331361576739 1.05516107367 
5.0 0.979473931449 -0.0331361576739 1.05516107367 
5.02 0.979473931449 -0.0331361576739 1.05516107367 
5.04 0.979473931449 -0.0331361576739 1.05516107367 
5.06 0.979473931449 -0.0331361576739 1.05516107367 
5.08 0.979473931449 -0.0331361576739 1.05516107367 
5.1 0.979473931449 -0.0331361576739 1.05516107367 
5.12 0.979473931449 -0.0331361576739 1.05516107367 
5.14 0.979473931449 -0.0331361576739 1.05516107367 
5.16 0.979473931449 -0.0331361576739 1.05516107367 
5.18 0.979473931449 -0.0331361576739 1.05516107367 
5.2 0.979473931449 -0.0331361576739 1.05516107367 
5.22 0.979473931449 -0.0331361576739 1.05516107367 
5.24 0.979473931449 -0.0331361576739 1.05516107367 
5.26 0.979473931449 -0.0331361576739 1.05516107367 
5.28 0.979473931449 -0.0331361576739 1.05516107367 
5.3 0.979473931449 -0.0331361576739 1.05516107367 
5.32 0.979473931449 -0.0331361576739 1.05516107367 
5.34 0.979473931449 -0.0331361576739 1.05516107367 
5.36 0.979473931449 -0.0331361576739 1.05516107367 
5.38 0.979473931449 -0.0331361576739 1.05516107367 
5.4 0.979473931449 -0.0331361576739 1.05516107367 
5.42 0.979473931449 -0.0331361576739 1.05516107367 
5.44 0.979473931449 -0.0331361576739 1.05516107367 
5.46 0.979473931449 -0.0331361576739 1.05516107367 
5.48 0.979473931449 -0.0331361576739 1.05516107367 
5.5 0.979473931449 -0.0331361576739 1.05516107367 
5.52 0.979473931449 -0.0331361576739 1.05516107367 
5.54 0.979473931449 -0.0331361576739 1.05516107367 
5.56 0.979473931449 -0.0331361576739 1.05516107367 
5.58 0.979473931449 -0.0331361576739 1.05516107367 
5.6 0.979473931449 -0.0331361576739 1.05516107367 
5.62 0.979473931449 -0.0331361576739 1.05516107367 
5.64 0.979473931449 -0.0331361576739 1.05516107367 
5.66 0.979473931449 -0.0331361576739 1.05516107367 
5.68 0.979473931449 -0.0331361576739 1.05516107367 
5.7 0.979473931449 -0.0331361576739 1.05516107367 
5.72 0.979473931449 -0.0331361576739 1.05516107367 
5.74 0.979473931449 -0.0331361576739 1.05516107367 
5.76 0.979473931449 -0.0331361576739 1.05516107367 
5.78 0.979473931449 -0.0331361576739 1.05516107367 
5.8 0.979473931449 -0.0331361576739 1.05516107367 
5.82 0.979473931449 -0.0331361576739 1.05516107367 
5.84 0.979473931449 -0.0331361576739 1.05516107367 
5.86 0.979473931449 -0.0331361576739 1.05516107367 
5.88 0.979473931449 -0.0331361576739 1.05516107367 
5.9 0.979473931449 -0.0331361576739 1.05516107367 
5.92 0.979473931449 -0.0331361576739 1.05516107367 
5.94 0.979473931449 -0.0331361576739 1.05516107367 
5.96 0.979473931449 -0.0331361576739 1.05516107367 
5.98 0.979473931449 -0.0331361576739 1.05516107367 
6.0 0.979473931449 -0.0331361576739 1.05516107367 
6.02 0.979473931449 -0.0331361576739 1.05516107367 
6.04 0.979473931449 -0.0331361576739 1.05516107367 
6.06 0.979473931449 -0.0331361576739 1.05516107367 
6.08 0.979473931449 -0.0331361576739 1.05516107367 
6.1 0.979473931449 -0.0331361576739 1.05516107367 
6.12 0.979473931449 -0.0331361576739 1.05516107367 
6.14 0.979473931449 -0.0331361576739 1.05516107367 
6.16 0.979473931449 -0.0331361576739 1.05516107367 
6.18 0.979473931449 -0.0331361576739 1.05516107367 
6.2 0.979473931449 -0.0331361576739 1.05516107367 
6.22 0.979473931449 -0.0331361576739 1.05516107367 
6.24 0.979473931449 -0.0331361576739 1.05516107367 
6.26 0.979473931449 -0.0331361576739 1.05516107367 
6.28 0.979473931449 -0.0331361576739 1.05516107367 
6.3 0.979473931449 -0.0331361576739 1.05516107367 
6.32 0.979473931449 -0.0331361576739 1.05516107367 
6.34 0.979473931449 -0.0331361576739 1.05516107367 
6.36 0.979473931449 -0.0331361576739 1.05516107367 
6.38 0.979473931449 -0.0331361576739 1.05516107367 
6.4 0.979473931449 -0.0331361576739 1.05516107367 
6.42 0.979473931449 -0.0331361576739 1.05516107367 
6.44 0.979473931449 -0.0331361576739 1.05516107367 
6.46 0.979473931449 -0.0331361576739 1.05516107367 
6.48 0.979473931449 -0.0331361576739 1.05516107367 
6.5 0.979473931449 -0.0331361576739 1.05516107367 
6.52 0.979473931449 -0.0331361576739 1.05516107367 
6.54 0.979473931449 -0.0331361576739 1.05516107367 
6.56 0.979473931449 -0.0331361576739 1.05516107367 
6.58 0.979473931449 -0.0331361576739 1.05516107367 
6.6 0.979473931449 -0.0331361576739 1.05516107367 
6.62 0.979473931449 -0.0331361576739 1.05516107367 
6.64 0.979473931449 -0.0331361576739 1.05516107367 
6.66 0.979473931449 -0.0331361576739 1.05516107367 
6.68 0.979473931449 -0.0331361576739 1.05516107367 
6.7 0.979473931449 -0.0331361576739 1.05516107367 
6.72 0.979473931449 -0.0331361576739 1.05516107367 
6.74 0.979473931449 -0.0331361576739 1.05516107367 
6.76 0.979473931449 -0.0331361576739 1.05516107367 
6.78 0.979473931449 -0.0331361576739 1.05516107367 
6.8 0.979473931449 -0.0331361576739 1.05516107367 
6.82 0.979473931449 -0.0331361576739 1.05516107367 
6.84 0.979473931449 -0.0331361576739 1.05516107367 
6.86 0.979473931449 -0.0331361576739 1.05516107367 
6.88 0.979473931449 -0.0331361576739 1.05516107367 
6.9 0.979473931449 -0.0331361576739 1.05516107367 
6.92 0.979473931449 -0.0331361576739 1.05516107367 
6.94 0.979473931449 -0.0331361576739 1.05516107367 
6.96 0.979473931449 -0.0331361576739 1.05516107367 
6.98 0.979473931449 -0.0331361576739 1.05516107367 
7.0 0.979473931449 -0.0331361576739 1.05516107367 
7.02 0.979473931449 -0.0331361576739 1.05516107367 
7.04 0.979473931449 -0.0331361576739 1.05516107367 
7.06 0.979473931449 -0.0331361576739 1.05516107367 
7.08 0.979473931449 -0.0331361576739 1.05516107367 
7.1 0.979473931449 -0.0331361576739 1.05516107367 
7.12 0.979473931449 -0.0331361576739 1.05516107367 
7.14 0.979473931449 -0.0331361576739 1.05516107367 
7.16 0.979473931449 -0.0331361576739 1.05516107367 
7.18 0.979473931449 -0.0331361576739 1.05516107367 
7.2 0.979473931449 -0.0331361576739 1.05516107367 
7.22 0.979473931449 -0.0331361576739 1.05516107367 
7.24 0.979473931449 -0.0331361576739 1.05516107367 
7.26 0.979473931449 -0.0331361576739 1.05516107367 
7.28 0.979473931449 -0.0331361576739 1.05516107367 
7.3 0.979473931449 -0.0331361576739 1.05516107367 
7.32 0.979473931449 -0.0331361576739 1.05516107367 
7.34 0.979473931449 -0.0331361576739 1.05516107367 
7.36 0.979473931449 -0.0331361576739 1.05516107367 
7.38 0.979473931449 -0.0331361576739 1.05516107367 
7.4 0.979473931449 -0.0331361576739 1.05516107367 
7.42 0.979473931449 -0.0331361576739 1.05516107367 
7.44 0.979473931449 -0.0331361576739 1.05516107367 
7.46 0.979473931449 -0.0331361576739 1.05516107367 
7.48 0.979473931449 -0.0331361576739 1.05516107367 
7.5 0.979473931449 -0.0331361576739 1.05516107367 
7.52 0.979473931449 -0.0331361576739 1.05516107367 
7.54 0.979473931449 -0.0331361576739 1.05516107367 
7.56 0.979473931449 -0.0331361576739 1.05516107367 
7.58 0.979473931449 -0.0331361576739 1.05516107367 
7.6 0.979473931449 -0.0331361576739 1.05516107367 
7.62 0.979473931449 -0.0331361576739 1.05516107367 
7.64 0.979473931449 -0.0331361576739 1.05516107367 
7.66 0.979473931449 -0.0331361576739 1.05516107367 
7.68 0.979473931449 -0.0331361576739 1.05516107367 
7.7 0.979473931449 -0.0331361576739 1.05516107367 
7.72 0.979473931449 -0.0331361576739 1.05516107367 
7.74 0.979473931449 -0.0331361576739 1.05516107367 
7.76 0.979473931449 -0.0331361576739 1.05516107367 
7.78 0.979473931449 -0.0331361576739 1.05516107367 
7.8 0.979473931449 -0.0331361576739 1.05516107367 
7.82 0.979473931449 -0.0331361576739 1.05516107367 
7.84 0.979473931449 -0.0331361576739 1.05516107367 
7.86 0.979473931449 -0.0331361576739 1.05516107367 
7.88 0.979473931449 -0.0331361576739 1.05516107367 
7.9 0.979473931449 -0.0331361576739 1.05516107367 
7.92 0.979473931449 -0.0331361576739 1.05516107367 
7.94 0.979473931449 -0.0331361576739 1.05516107367 
7.96 0.979473931449 -0.0331361576739 1.05516107367 
7.98 0.979473931449 -0.0331361576739 1.05516107367 
8.0 0.979473931449 -0.0331361576739 1.05516107367 
8.02 0.979473931449 -0.0331361576739 1.05516107367 
8.04 0.979473931449 -0.0331361576739 1.05516107367 
8.06 0.979473931449 -0.0331361576739 1.05516107367 
8.08 0.979473931449 -0.0331361576739 1.05516107367 
8.1 0.979473931449 -0.0331361576739 1.05516107367 
8.12 0.979473931449 -0.0331361576739 1.05516107367 
8.14 0.979473931449 -0.0331361576739 1.05516107367 
8.16 0.979473931449 -0.0331361576739 1.05516107367 
8.18 0.979473931449 -0.0331361576739 1.05516107367 
8.2 0.979473931449 -0.0331361576739 1.05516107367 
8.22 0.979473931449 -0.0331361576739 1.05516107367 
8.24 0.979473931449 -0.0331361576739 1.05516107367 
8.26 0.979473931449 -0.0331361576739 1.05516107367 
8.28 0.979473931449 -0.0331361576739 1.05516107367 
8.3 0.979473931449 -0.0331361576739 1.05516107367 
8.32 0.979473931449 -0.0331361576739 1.05516107367 
8.34 0.979473931449 -0.0331361576739 1.05516107367 
8.36 0.979473931449 -0.0331361576739 1.05516107367 
8.38 0.979473931449 -0.0331361576739 1.05516107367 
8.4 0.979473931449 -0.0331361576739 1.05516107367 
8.42 0.979473931449 -0.0331361576739 1.05516107367 
8.44 0.979473931449 -0.0331361576739 1.05516107367 
8.46 0.979473931449 -0.0331361576739 1.05516107367 
8.48 0.979473931449 -0.0331361576739 1.05516107367 
8.5 0.979473931449 -0.0331361576739 1.05516107367 
8.52 0.979473931449 -0.0331361576739 1.05516107367 
8.54 0.979473931449 -0.0331361576739 1.05516107367 
8.56 0.979473931449 -0.0331361576739 1.05516107367 
8.58 0.979473931449 -0.0331361576739 1.05516107367 
8.6 0.979473931449 -0.0331361576739 1.05516107367 
8.62 0.979473931449 -0.0331361576739 1.05516107367 
8.64 0.979473931449 -0.0331361576739 1.05516107367 
8.66 0.979473931449 -0.0331361576739 1.05516107367 
8.68 0.979473931449 -0.0331361576739 1.05516107367 
8.7 0.979473931449 -0.0331361576739 1.05516107367 
8.72 0.979473931449 -0.0331361576739 1.05516107367 
8.74 0.979473931449 -0.0331361576739 1.05516107367 
8.76 0.979473931449 -0.0331361576739 1.05516107367 
8.78 0.979473931449 -0.0331361576739 1.05516107367 
8.8 0.979473931449 -0.0331361576739 1.05516107367 
8.82 0.979473931449 -0.0331361576739 1.05516107367 
8.84 0.979473931449 -0.0331361576739 1.05516107367 
8.86 0.979473931449 -0.0331361576739 1.05516107367 
8.88 0.979473931449 -0.0331361576739 1.05516107367 
8.9 0.979473931449 -0.0331361576739 1.05516107367 
8.92 0.979473931449 -0.0331361576739 1.05516107367 
8.94 0.979473931449 -0.0331361576739 1.05516107367 
8.96 0.979473931449 -0.0331361576739 1.05516107367 
8.98 0.979473931449 -0.0331361576739 1.05516107367 
9.0 0.979473931449 -0.0331361576739 1.05516107367 
9.02 0.979473931449 -0.0331361576739 1.05516107367 
9.04 0.979473931449 -0.0331361576739 1.05516107367 
9.06 0.979473931449 -0.0331361576739 1.05516107367 
9.08 0.979473931449 -0.0331361576739 1.05516107367 
9.1 0.979473931449 -0.0331361576739 1.05516107367 
9.12 0.979473931449 -0.0331361576739 1.05516107367 
9.14 0.979473931449 -0.0331361576739 1.05516107367 
9.16 0.979473931449 -0.0331361576739 1.05516107367 
9.18 0.979473931449 -0.0331361576739 1.05516107367 
9.2 0.979473931449 -0.0331361576739 1.05516107367 
9.22 0.979473931449 -0.0331361576739 1.05516107367 
9.24 0.979473931449 -0.0331361576739 1.05516107367 
9.26 0.979473931449 -0.0331361576739 1.05516107367 
9.28 0.979473931449 -0.0331361576739 1.05516107367 
9.3 0.979473931449 -0.0331361576739 1.05516107367 
9.32 0.979473931449 -0.0331361576739 1.05516107367 
9.34 0.979473931449 -0.0331361576739 1.05516107367 
9.36 0.979473931449 -0.0331361576739 1.05516107367 
9.38 0.979473931449 -0.0331361576739 1.05516107367 
9.4 0.979473931449 -0.0331361576739 1.05516107367 
9.42 0.979473931449 -0.0331361576739 1.05516107367 
9.44 0.979473931449 -0.0331361576739 1.05516107367 
9.46 0.979473931449 -0.0331361576739 1.05516107367 
9.48 0.979473931449 -0.0331361576739 1.05516107367 
9.5 0.979473931449 -0.0331361576739 1.05516107367 
9.52 0.979473931449 -0.0331361576739 1.05516107367 
9.54 0.979473931449 -0.0331361576739 1.05516107367 
9.56 0.979473931449 -0.0331361576739 1.05516107367 
9.58 0.979473931449 -0.0331361576739 1.05516107367 
9.6 0.979473931449 -0.0331361576739 1.05516107367 
9.62 0.979473931449 -0.0331361576739 1.05516107367 
9.64 0.979473931449 -0.0331361576739 1.05516107367 
9.66 0.979473931449 -0.0331361576739 1.05516107367 
9.68 0.979473931449 -0.0331361576739 1.05516107367 
9.7 0.979473931449 -0.0331361576739 1.05516107367 
9.72 0.979473931449 -0.0331361576739 1.05516107367 
9.74 0.979473931449 -0.0331361576739 1.05516107367 
9.76 0.979473931449 -0.0331361576739 1.05516107367 
9.78 0.979473931449 -0.0331361576739 1.05516107367 
9.8 0.979473931449 -0.0331361576739 1.05516107367 
9.82 0.979473931449 -0.0331361576739 1.05516107367 
9.84 0.979473931449 -0.0331361576739 1.05516107367 
9.86 0.979473931449 -0.0331361576739 1.05516107367 
