0 0.779473931449 0.166863842326 0.555161073667 
0.02 0.783378436944 0.162941050963 0.565119465557 
0.04 0.787211136567 0.159091331808 0.574879887472 
0.06 0.790973118533 0.155313502076 0.584446446424 
0.08 0.794665420693 0.151606401025 0.593823137309 
0.1 0.798289153341 0.147968886462 0.60301384837 
0.12 0.801845329495 0.144399833031 0.612022368969 
0.14 0.805335008567 0.140898133932 0.62085238375 
0.16 0.808759209959 0.137462696998 0.62950748701 
0.18 0.812118968867 0.134092448047 0.637991174801 
0.2 0.815415287314 0.130786320171 0.646306862301 
0.22 0.818649191258 0.127543260205 0.654457881672 
0.24 0.821821689874 0.124362223673 0.662447489378 
0.26 0.824933768185 0.121242178208 0.670278863296 
0.28 0.827986443754 0.118182098945 0.677955114637 
0.3 0.830980682081 0.115180970805 0.685479285413 
0.32 0.833917458862 0.112237790804 0.692854345949 
0.34 0.836797761887 0.109351559196 0.700083218693 
0.36 0.839622551819 0.106521290097 0.707168753135 
0.38 0.842392779554 0.103746004916 0.714113745669 
0.4 0.845109393848 0.101024733729 0.72092094084 
0.42 0.847773335803 0.0983565183809 0.727593023614 
0.44 0.850385543138 0.0957404099998 0.73413263193 
0.46 0.852946934599 0.093175470917 0.740542348062 
0.48 0.855458415575 0.0906607713293 0.746824710501 
0.5 0.857920889377 0.0881953948459 0.752982206755 
0.52 0.860335251419 0.0857784376314 0.759017274607 
0.54 0.862702375488 0.0834090033921 0.764932312986 
0.56 0.865023137913 0.0810862113081 0.770729671461 
0.58 0.867298393568 0.078809190992 0.776411656104 
0.6 0.869528986471 0.0765770840298 0.781980530803 
0.62 0.871715747801 0.0743890461781 0.787438511602 
0.64 0.873859505678 0.0722442428989 0.792787783812 
0.66 0.875961064733 0.0701418537864 0.798030483304 
0.68 0.878021220567 0.0680810711267 0.803168707086 
0.7 0.880040760271 0.0660611000688 0.808204513833 
0.72 0.882020456767 0.0640811583839 0.813139923951 
0.74 0.883961067372 0.0621404769479 0.817976915933 
0.76 0.885863344547 0.0602382982403 0.822717438233 
0.78 0.887728024775 0.0583738787466 0.827363397227 
0.8 0.889555826591 0.0565464866963 0.83191666222 
0.82 0.891347461211 0.0547554034462 0.83637906782 
0.84 0.893103628179 0.052999922759 0.840752414589 
0.86 0.894825014788 0.0512793510575 0.845038468213 
0.88 0.8965122928 0.0495930066278 0.849238958597 
0.9 0.898166125333 0.0479402204057 0.853355583825 
0.92 0.899787163187 0.0463203353994 0.857390008836 
0.94 0.90137604528 0.0447327062159 0.861343867072 
0.96 0.902933399008 0.0431766997694 0.865218759114 
0.98 0.904459839404 0.0416516941223 0.869016255079 
1.0 0.905955971913 0.0401570791807 0.872737895097 
1.02 0.907422389429 0.0386922565157 0.876385187318 
1.04 0.90885967449 0.0372566383653 0.879959612371 
1.06 0.910268398202 0.0358496484574 0.883462620277 
1.08 0.911649120332 0.034470720875 0.886895633402 
1.1 0.913002392288 0.0331193011972 0.890260046153 
1.12 0.914328755246 0.031794845073 0.89355722721 
1.14 0.915628737247 0.0304968183685 0.896788515823 
1.16 0.916902857916 0.0292246975055 0.899955225557 
1.18 0.918151628002 0.0279779693139 0.903058644324 
1.2 0.919375546479 0.0267561296437 0.906100034765 
1.22 0.920575104012 0.0255586849245 0.90908063345 
1.24 0.921750782172 0.024385150671 0.912001654447 
1.26 0.922903052407 0.0232350518761 0.914864286403 
1.28 0.924032377404 0.0221079229431 0.917669694308 
1.3 0.925139211148 0.0210033070808 0.920419021118 
1.32 0.926223998212 0.019920756574 0.923113385837 
1.34 0.927287175728 0.018859832422 0.925753886954 
1.36 0.928329170815 0.0178201041656 0.928341599185 
1.38 0.929350403282 0.0168011498176 0.930877577176 
1.4 0.930351285023 0.0158025558292 0.933362854389 
1.42 0.931332219214 0.0148239164404 0.935798443855 
1.44 0.932293601256 0.013864834218 0.938185337581 
1.46 0.933235819127 0.0129249193327 0.940524508707 
1.48 0.934159252926 0.0120037897424 0.942816910552 
1.5 0.93506427587 0.0111010709702 0.945063477975 
1.52 0.935951253124 0.010216395767 0.947265126738 
1.54 0.936820542974 0.00934940420494 0.949422754473 
1.56 0.937672497121 0.00849974364884 0.951537241214 
1.58 0.938507459458 0.00766706828277 0.95360944824 
1.6 0.939325767802 0.00685103906817 0.955640221251 
1.62 0.94012775329 0.00605132386334 0.957630388281 
1.64 0.940913740539 0.00526759702232 0.959580761213 
1.66 0.941684047535 0.00449953935324 0.961492135358 
1.68 0.942438986173 0.00374683796409 0.963365290532 
1.7 0.943178861814 0.00300918619046 0.965200990291 
1.72 0.943903974267 0.00228628359797 0.966999983238 
1.74 0.944614617377 0.00157783553945 0.96876300368 
1.76 0.945311079207 0.000883553396699 0.970490770568 
1.78 0.945993641655 0.000203154038921 0.972183988722 
1.8 0.946662581435 -0.000463639838837 0.973843348677 
1.82 0.947318170009 -0.00111709993726 0.975469527531 
1.84 0.947960673081 -0.00175749275404 0.977063188559 
1.86 0.948590351192 -0.00238507938476 0.97862498188 
1.88 0.949207459835 -0.00300011570967 0.980155544631 
1.9 0.949812249327 -0.00360285263063 0.981655501558 
1.92 0.950404965172 -0.00419353582927 0.983125464265 
1.94 0.950985847751 -0.00477240629329 0.984566032457 
1.96 0.95155513292 -0.0053397001052 0.985977793967 
1.98 0.952113051779 -0.00589564865614 0.987361324721 
2.0 0.952659830766 -0.00644047875671 0.988717189201 
2.02 0.95319569191 -0.00697441268279 0.990045940601 
2.04 0.953720852891 -0.0074976681955 0.991348120946 
2.06 0.954235526928 -0.00801045881293 0.992624261516 
2.08 0.954739923116 -0.00851299377507 0.993874883182 
2.1 0.955234246347 -0.00900547809739 0.995100496085 
2.12 0.955718697508 -0.00948811270597 0.99630160026 
2.14 0.956193473344 -0.00996109458657 0.997478685737 
2.16 0.956658766885 -0.0104246167228 0.998632232904 
2.18 0.95711476722 -0.0108788682521 0.999762712348 
2.2 0.957561659657 -0.0113240345623 1.00087058534 
2.22 0.95799962597 -0.0117602972853 1.00195630394 
2.24 0.958428844108 -0.0121878344947 1.00302031117 
2.26 0.9588494886 -0.0126068206589 1.00406304104 
2.28 0.959261730372 -0.0130174268185 1.00508491901 
2.3 0.959665737183 -0.0134198205239 1.00608636217 
2.32 0.960061673365 -0.0138141659791 1.00706777907 
2.34 0.960449699868 -0.0142006241744 1.00802957013 
2.36 0.960829974573 -0.0145793528261 1.0089721279 
2.38 0.961202652099 -0.0149505065186 1.00989583678 
2.4 0.961567884076 -0.0153142367566 1.01080107383 
2.42 0.961925819121 -0.0156706919882 1.01168820836 
2.44 0.962276602869 -0.0160200177125 1.01255760243 
2.46 0.962620378007 -0.0163623565247 1.01340961068 
2.48 0.962957284444 -0.0166978481608 1.01424458081 
2.5 0.963287459295 -0.017026629551 1.0150628535 
2.52 0.963611036885 -0.0173488349319 1.01586476268 
2.54 0.963928148963 -0.0176645957851 1.01665063547 
2.56 0.964238924564 -0.0179740410254 1.0174207926 
2.58 0.96454349018 -0.0182772969773 1.0181755483 
2.6 0.96484196984 -0.0185744874153 1.01891521063 
2.62 0.965134485005 -0.0188657336622 1.01964008132 
2.64 0.96542115477 -0.0191511546066 1.02035045616 
2.66 0.965702095844 -0.0194308667651 1.02104662504 
2.68 0.965977422621 -0.019704984321 1.02172887204 
2.7 0.966247247198 -0.0199736191645 1.0223974755 
2.72 0.966511679463 -0.0202368809601 1.0230527083 
2.74 0.966770827088 -0.0204948771748 1.02369483779 
2.76 0.967024795611 -0.0207477131281 1.02432412601 
2.78 0.967273688447 -0.0209954920431 1.02494082975 
2.8 0.967517606976 -0.0212383150523 1.02554520061 
2.82 0.967756650526 -0.0214762812947 1.02613748522 
2.84 0.967990916489 -0.0217094878995 1.02671792529 
2.86 0.968220500272 -0.0219380300765 1.02728675765 
2.88 0.968445495399 -0.0221620011201 1.02784421444 
2.9 0.968665993526 -0.0223814924561 1.02839052311 
2.92 0.968882084474 -0.0225965936891 1.02892590661 
2.94 0.969093856278 -0.0228073926345 1.02945058344 
2.96 0.96930139521 -0.023013975344 1.02996476766 
2.98 0.969504785828 -0.0232164261437 1.03046866909 
3.0 0.969704111003 -0.0234148276791 1.03096249336 
3.02 0.969899451952 -0.0236092609511 1.031446442 
3.04 0.970090888258 -0.0237998053315 1.0319207125 
3.06 0.97027849795 -0.0239865385941 1.03238549836 
3.08 0.970462357455 -0.0241695369757 1.03284098926 
3.1 0.970642541713 -0.0243488751787 1.03328737109 
3.12 0.97081912415 -0.0245246264109 1.03372482599 
3.14 0.970992176723 -0.024696862424 1.03415353248 
3.16 0.971161769961 -0.0248656535257 1.03457366551 
3.18 0.971327972988 -0.0250310686181 1.03498539652 
3.2 0.971490853531 -0.0251931752308 1.03538889351 
3.22 0.971650477989 -0.0253520395385 1.03578432118 
3.24 0.971806911419 -0.0255077263935 1.03617184088 
3.26 0.971960217584 -0.025660299347 1.03655161072 
3.28 0.972110458978 -0.0258098206848 1.03692378572 
3.3 0.972257696835 -0.0259563514469 1.03728851774 
3.32 0.972401991184 -0.0260999514458 1.03764595563 
3.34 0.97254340084 -0.0262406793041 1.03799624523 
3.36 0.972681983451 -0.0263785924696 1.03833952951 
3.38 0.972817795515 -0.0265137472386 1.03867594857 
3.4 0.972950892395 -0.0266461987864 1.03900563967 
3.42 0.973081328355 -0.0267760011793 1.03932873736 
3.44 0.973209156573 -0.0269032074066 1.03964537351 
3.46 0.973334429167 -0.0270278693942 1.03995567731 
3.48 0.973457197211 -0.0271500380318 1.04025977543 
3.5 0.973577510762 -0.0272697631896 1.04055779194 
3.52 0.973695418874 -0.0273870937422 1.04084984847 
3.54 0.973810969622 -0.0275020775854 1.04113606421 
3.56 0.973924210125 -0.0276147616556 1.04141655596 
3.58 0.974035186556 -0.0277251919529 1.04169143819 
3.6 0.974143944169 -0.027833413555 1.04196082309 
3.62 0.974250527307 -0.0279394706393 1.04222482057 
3.64 0.974354979438 -0.0280434064994 1.04248353838 
3.66 0.974457343154 -0.0281452635623 1.0427370821 
3.68 0.974557660202 -0.0282450834078 1.04298555522 
3.7 0.97465597149 -0.0283429067821 1.04322905913 
3.72 0.974752317108 -0.028438773617 1.0434676932 
3.74 0.974846736352 -0.0285327230462 1.04370155482 
3.76 0.974939267723 -0.0286247934211 1.04393073943 
3.78 0.975029948962 -0.0287150223246 1.04415534057 
3.8 0.975118817049 -0.028803446589 1.0443754499 
3.82 0.975205908233 -0.0288901023082 1.04459115724 
3.84 0.975291258031 -0.0289750248556 1.04480255062 
3.86 0.975374901252 -0.0290582488986 1.04500971633 
3.88 0.975456872012 -0.029139808408 1.0452127389 
3.9 0.975537203745 -0.0292197366763 1.04541170119 
3.92 0.975615929218 -0.0292980663299 1.04560668441 
3.94 0.975693080539 -0.029374829343 1.04579776811 
3.96 0.975768689177 -0.0294500570508 1.04598503031 
3.98 0.975842785975 -0.0295237801602 1.0461685474 
4.0 0.975915401152 -0.0295960287658 1.04634839429 
4.02 0.975986564331 -0.0296668323594 1.04652464439 
4.04 0.976056304539 -0.0297362198419 1.04669736962 
4.06 0.976124650227 -0.0298042195365 1.04686664047 
4.08 0.97619162927 -0.0298708592017 1.04703252603 
4.1 0.976257268991 -0.0299361660385 1.04719509399 
4.12 0.976321596169 -0.0300001667049 1.04735441071 
4.14 0.976384637043 -0.030062887326 1.0475105412 
4.16 0.976446417329 -0.030124353504 1.04766354919 
4.18 0.97650696223 -0.030184590329 1.04781349713 
4.2 0.976566296446 -0.0302436223883 1.0479604462 
4.22 0.976624444181 -0.0303014737794 1.04810445638 
4.24 0.976681429157 -0.0303581681163 1.04824558645 
4.26 0.976737274622 -0.0304137285407 1.04838389401 
4.28 0.976792003358 -0.0304681777324 1.0485194355 
4.3 0.976845637693 -0.0305215379169 1.04865226624 
4.32 0.976898199509 -0.0305738308744 1.04878244045 
4.34 0.976949710249 -0.0306250779511 1.04891001124 
4.36 0.977000190929 -0.0306753000654 1.04903503069 
4.38 0.977049662142 -0.0307245177175 1.04915754982 
4.4 0.977098144073 -0.030772750997 1.04927761864 
4.42 0.977145656501 -0.0308200195924 1.04939528614 
4.44 0.977192218812 -0.0308663427977 1.04951060036 
4.46 0.977237850003 -0.0309117395219 1.04962360835 
4.48 0.977282568691 -0.0309562282948 1.04973435623 
4.5 0.977326393122 -0.0309998272762 1.04984288922 
4.52 0.977369341176 -0.0310425542627 1.04994925159 
4.54 0.977411430375 -0.0310844266948 1.05005348677 
4.56 0.977452677894 -0.031125461664 1.0501556373 
4.58 0.977493100561 -0.0311656759202 1.05025574486 
4.6 0.97753271487 -0.0312050858782 1.05035385031 
4.62 0.977571536983 -0.0312437076246 1.0504499937 
4.64 0.977609582743 -0.0312815569238 1.05054421427 
4.66 0.977646867671 -0.0313186492254 1.05063655046 
4.68 0.977683406981 -0.0313549996698 1.05072703997 
4.7 0.977719215583 -0.0313906230946 1.05081571972 
4.72 0.977754308087 -0.0314255340405 1.05090262592 
4.74 0.977788698813 -0.0314597467576 1.05098779402 
4.76 0.977822401793 -0.0314932752109 1.0510712588 
4.78 0.97785543078 -0.0315261330858 1.05115305431 
4.8 0.97788779925 -0.0315583337945 1.05123321394 
4.82 0.977919520413 -0.0315898904804 1.05131177041 
4.84 0.97795060721 -0.0316208160246 1.05138875578 
4.86 0.977981072327 -0.03165112305 1.05146420147 
4.88 0.978010928197 -0.0316808239273 1.05153813827 
4.9 0.978040187001 -0.0317099307799 1.05161059636 
4.92 0.978068860678 -0.0317384554884 1.05168160531 
4.94 0.97809696093 -0.0317664096961 1.05175119411 
4.96 0.978124499223 -0.0317938048132 1.05181939115 
4.98 0.978151486794 -0.0318206520217 1.05188622427 
5.0 0.978177934657 -0.0318469622802 1.05195172075 
5.02 0.978203853602 -0.0318727463278 1.05201590732 
5.04 0.978229254208 -0.031898014689 1.05207881018 
5.06 0.97825414684 -0.0319227776777 1.052140455 
5.08 0.978278541655 -0.0319470454015 1.05220086694 
5.1 0.978302448608 -0.0319708277662 1.05226007066 
5.12 0.978325877455 -0.0319941344787 1.05231809032 
5.14 0.978348837758 -0.0320169750525 1.05237494961 
5.16 0.978371338885 -0.0320393588105 1.05243067172 
5.18 0.97839339002 -0.0320612948892 1.0524852794 
5.2 0.97841500016 -0.0320827922423 1.05253879495 
5.22 0.978436178124 -0.0321038596446 1.0525912402 
5.24 0.978456932555 -0.0321245056951 1.05264263655 
5.26 0.978477271923 -0.0321447388211 1.05269300499 
5.28 0.978497204528 -0.0321645672812 1.05274236608 
5.3 0.978516738503 -0.0321839991688 1.05279073995 
5.32 0.978535881822 -0.0322030424156 1.05283814635 
5.34 0.978554642295 -0.0322217047943 1.05288460464 
5.36 0.97857302758 -0.0322399939226 1.05293013378 
5.38 0.978591045178 -0.0322579172656 1.05297475234 
5.4 0.978608702444 -0.032275482139 1.05301847854 
5.42 0.978626006582 -0.0322926957124 1.05306133022 
5.44 0.978642964655 -0.0323095650118 1.05310332488 
5.46 0.978659583583 -0.0323260969229 1.05314447965 
5.48 0.978675870149 -0.0323422981935 1.05318481134 
5.5 0.978691830999 -0.0323581754364 1.0532243364 
5.52 0.978707472647 -0.0323737351324 1.05326307096 
5.54 0.978722801477 -0.0323889836325 1.05330103084 
5.56 0.978737823743 -0.0324039271607 1.05333823153 
5.58 0.978752545577 -0.0324185718164 1.05337468822 
5.6 0.978766972988 -0.0324329235772 1.05341041577 
5.62 0.978781111862 -0.0324469883011 1.05344542878 
5.64 0.97879496797 -0.0324607717288 1.05347974154 
5.66 0.978808546968 -0.0324742794864 1.05351336805 
5.68 0.978821854396 -0.0324875170873 1.05354632203 
5.7 0.978834895686 -0.0325004899348 1.05357861694 
5.72 0.97884767616 -0.0325132033239 1.05361026595 
5.74 0.978860201034 -0.0325256624439 1.05364128199 
5.76 0.97887247542 -0.0325378723801 1.05367167771 
5.78 0.978884504327 -0.0325498381164 1.05370146553 
5.8 0.978896292664 -0.0325615645367 1.05373065759 
5.82 0.978907845243 -0.0325730564275 1.05375926581 
5.84 0.978919166778 -0.0325843184794 1.05378730187 
5.86 0.978930261889 -0.0325953552892 1.05381477722 
5.88 0.978941135106 -0.0326061713617 1.05384170306 
5.9 0.978951790865 -0.0326167711119 1.05386809039 
5.92 0.978962233516 -0.032627158866 1.05389394997 
5.94 0.97897246732 -0.0326373388642 1.05391929237 
5.96 0.978982496454 -0.0326473152616 1.05394412792 
5.98 0.978992325011 -0.0326570921302 1.05396846676 
6.0 0.979001957003 -0.0326666734606 1.05399231883 
6.02 0.97901139636 -0.0326760631636 1.05401569386 
6.04 0.979020646936 -0.0326852650718 1.0540386014 
6.06 0.979029712505 -0.0326942829412 1.05406105078 
6.08 0.979038596767 -0.0327031204525 1.05408305118 
6.1 0.979047303349 -0.0327117812128 1.05410461158 
6.12 0.979055835803 -0.0327202687574 1.05412574076 
6.14 0.979064197613 -0.0327285865505 1.05414644737 
6.16 0.97907239219 -0.0327367379871 1.05416673985 
6.18 0.97908042288 -0.0327447263944 1.05418662647 
6.2 0.97908829296 -0.0327525550331 1.05420611537 
6.22 0.979096005642 -0.0327602270984 1.05422521449 
6.24 0.979103564074 -0.032767745722 1.05424393164 
6.26 0.97911097134 -0.0327751139726 1.05426227444 
6.28 0.979118230464 -0.0327823348577 1.05428025038 
6.3 0.979125344409 -0.0327894113247 1.05429786681 
6.32 0.979132316078 -0.0327963462619 1.05431513091 
6.34 0.979139148317 -0.0328031425 1.05433204973 
6.36 0.979145843913 -0.032809802813 1.05434863018 
6.38 0.9791524056 -0.0328163299193 1.05436487901 
6.4 0.979158836056 -0.0328227264831 1.05438080288 
6.42 0.979165137905 -0.0328289951153 1.05439640826 
6.44 0.97917131372 -0.0328351383745 1.05441170154 
6.46 0.97917736602 -0.0328411587682 1.05442668896 
6.48 0.979183297277 -0.0328470587537 1.05444137663 
6.5 0.97918910991 -0.0328528407393 1.05445577054 
6.52 0.979194806293 -0.0328585070848 1.05446987658 
6.54 0.97920038875 -0.0328640601032 1.0544837005 
6.56 0.97920585956 -0.0328695020609 1.05449724794 
6.58 0.979211220955 -0.0328748351792 1.05451052443 
6.6 0.979216475124 -0.032880061635 1.0545235354 
6.62 0.979221624212 -0.0328851835613 1.05453628614 
6.64 0.979226670319 -0.032890203049 1.05454878187 
6.66 0.979231615505 -0.0328951221466 1.05456102769 
6.68 0.97923646179 -0.0328999428621 1.05457302859 
6.7 0.979241211149 -0.0329046671631 1.05458478948 
6.72 0.979245865523 -0.0329092969779 1.05459631515 
6.74 0.979250426811 -0.0329138341962 1.0546076103 
6.76 0.979254896874 -0.03291828067 1.05461867955 
6.78 0.979259277537 -0.0329226382141 1.05462952742 
6.8 0.979263570588 -0.0329269086072 1.05464015833 
6.82 0.97926777778 -0.0329310935923 1.05465057663 
6.84 0.979271900828 -0.0329351948775 1.05466078656 
6.86 0.979275941416 -0.0329392141369 1.05467079229 
6.88 0.979279901194 -0.032943153011 1.0546805979 
6.9 0.979283781776 -0.0329470131074 1.05469020741 
6.92 0.979287584748 -0.0329507960018 1.05469962472 
6.94 0.979291311662 -0.0329545032382 1.05470885369 
6.96 0.979294964038 -0.0329581363297 1.05471789808 
6.98 0.979298543367 -0.0329616967593 1.05472676158 
7.0 0.979302051111 -0.0329651859802 1.05473544781 
7.02 0.9793054887 -0.0329686054166 1.05474396032 
7.04 0.979308857538 -0.0329719564641 1.05475230258 
7.06 0.979312159 -0.0329752404906 1.05476047799 
7.08 0.979315394434 -0.0329784588365 1.0547684899 
7.1 0.979318565159 -0.0329816128154 1.05477634157 
7.12 0.979321672471 -0.0329847037146 1.0547840362 
7.14 0.979324717637 -0.0329877327957 1.05479157694 
7.16 0.9793277019 -0.0329907012952 1.05479896687 
7.18 0.979330626478 -0.0329936104245 1.054806209 
7.2 0.979333492565 -0.0329964613713 1.05481330629 
7.22 0.979336301331 -0.032999255299 1.05482026163 
7.24 0.979339053922 -0.0330019933481 1.05482707787 
7.26 0.979341751462 -0.0330046766362 1.05483375778 
7.28 0.979344395052 -0.0330073062584 1.05484030409 
7.3 0.97934698577 -0.0330098832881 1.05484671948 
7.32 0.979349524674 -0.0330124087772 1.05485300655 
7.34 0.9793520128 -0.0330148837564 1.05485916789 
7.36 0.979354451164 -0.033017309236 1.054865206 
7.38 0.979356840761 -0.033019686206 1.05487112335 
7.4 0.979359182567 -0.0330220156365 1.05487692235 
7.42 0.979361477537 -0.0330242984784 1.05488260538 
7.44 0.979363726608 -0.0330265356634 1.05488817474 
7.46 0.979365930697 -0.0330287281046 1.05489363271 
7.48 0.979368090705 -0.033030876697 1.05489898153 
7.5 0.979370207514 -0.0330329823175 1.05490422337 
7.52 0.979372281986 -0.0330350458255 1.05490936037 
7.54 0.979374314969 -0.0330370680634 1.05491439463 
7.56 0.979376307293 -0.0330390498564 1.05491932821 
7.58 0.97937825977 -0.0330409920136 1.05492416312 
7.6 0.979380173199 -0.0330428953275 1.05492890133 
7.62 0.979382048358 -0.0330447605752 1.05493354477 
7.64 0.979383886015 -0.0330465885179 1.05493809535 
7.66 0.979385686919 -0.0330483799017 1.05494255491 
7.68 0.979387451805 -0.0330501354578 1.05494692528 
7.7 0.979389181393 -0.0330518559028 1.05495120825 
7.72 0.97939087639 -0.0330535419388 1.05495540555 
7.74 0.979392537487 -0.0330551942541 1.05495951891 
7.76 0.979394165363 -0.033056813523 1.05496355001 
7.78 0.979395760681 -0.0330584004066 1.05496750048 
7.8 0.979397324092 -0.0330599555525 1.05497137194 
7.82 0.979398856236 -0.0330614795954 1.05497516597 
7.84 0.979400357737 -0.0330629731574 1.05497888413 
7.86 0.979401829208 -0.0330644368482 1.05498252792 
7.88 0.97940327125 -0.0330658712652 1.05498609883 
7.9 0.979404684451 -0.0330672769938 1.05498959832 
7.92 0.979406069388 -0.0330686546078 1.05499302783 
7.94 0.979407426626 -0.0330700046695 1.05499638874 
7.96 0.97940875672 -0.03307132773 1.05499968244 
7.98 0.979410060212 -0.0330726243292 1.05500291027 
8.0 0.979411337635 -0.0330738949964 1.05500607353 
8.02 0.979412589509 -0.0330751402503 1.05500917353 
8.04 0.979413816345 -0.0330763605991 1.05501221154 
8.06 0.979415018645 -0.0330775565409 1.05501518878 
8.08 0.979416196899 -0.0330787285639 1.05501810647 
8.1 0.979417351588 -0.0330798771464 1.05502096582 
8.12 0.979418483183 -0.0330810027572 1.05502376797 
8.14 0.979419592147 -0.0330821058558 1.05502651409 
8.16 0.979420678931 -0.0330831868924 1.05502920528 
8.18 0.97942174398 -0.0330842463083 1.05503184264 
8.2 0.979422787728 -0.0330852845358 1.05503442726 
8.22 0.979423810601 -0.0330863019988 1.05503696019 
8.24 0.979424813016 -0.0330872991125 1.05503944246 
8.26 0.979425795383 -0.0330882762839 1.05504187508 
8.28 0.979426758103 -0.0330892339119 1.05504425905 
8.3 0.979427701569 -0.0330901723874 1.05504659534 
8.32 0.979428626165 -0.0330910920933 1.05504888491 
8.34 0.97942953227 -0.0330919934051 1.05505112869 
8.36 0.979430420252 -0.0330928766906 1.05505332758 
8.38 0.979431290475 -0.0330937423104 1.05505548251 
8.4 0.979432143293 -0.0330945906179 1.05505759433 
8.42 0.979432979055 -0.0330954219591 1.05505966391 
8.44 0.979433798102 -0.0330962366736 1.05506169211 
8.46 0.979434600768 -0.0330970350937 1.05506367974 
8.48 0.979435387381 -0.0330978175454 1.05506562762 
8.5 0.979436158261 -0.0330985843481 1.05506753654 
8.52 0.979436913724 -0.0330993358148 1.05506940728 
8.54 0.979437654078 -0.0331000722521 1.05507124061 
8.56 0.979438379625 -0.0331007939606 1.05507303727 
8.58 0.97943909066 -0.033101501235 1.055074798 
8.6 0.979439787475 -0.0331021943639 1.05507652351 
8.62 0.979440470354 -0.0331028736302 1.05507821451 
8.64 0.979441139575 -0.0331035393111 1.05507987169 
8.66 0.979441795412 -0.0331041916785 1.05508149573 
8.68 0.979442438132 -0.0331048309985 1.05508308729 
8.7 0.979443067998 -0.0331054575321 1.05508464702 
8.72 0.979443685266 -0.033106071535 1.05508617555 
8.74 0.97944429019 -0.0331066732579 1.05508767351 
8.76 0.979444883014 -0.0331072629462 1.05508914152 
8.78 0.979445463982 -0.0331078408409 1.05509058016 
8.8 0.979446033331 -0.0331084071776 1.05509199003 
8.82 0.979446591293 -0.0331089621876 1.0550933717 
8.84 0.979447138096 -0.0331095060974 1.05509472574 
8.86 0.979447673962 -0.033110039129 1.0550960527 
8.88 0.979448199112 -0.0331105614999 1.05509735312 
8.9 0.979448713758 -0.0331110734235 1.05509862753 
8.92 0.979449218112 -0.0331115751085 1.05509987645 
8.94 0.979449712378 -0.0331120667599 1.0551011004 
8.96 0.979450196759 -0.0331125485782 1.05510229986 
8.98 0.979450671452 -0.0331130207602 1.05510347534 
9.0 0.979451136652 -0.0331134834985 1.0551046273 
9.02 0.979451592548 -0.0331139369821 1.05510575623 
9.04 0.979452039325 -0.0331143813959 1.05510686258 
9.06 0.979452477168 -0.0331148169215 1.0551079468 
9.08 0.979452906253 -0.0331152437366 1.05510900934 
9.1 0.979453326757 -0.0331156620154 1.05511005062 
9.12 0.97945373885 -0.0331160719286 1.05511107109 
9.14 0.979454142702 -0.0331164736436 1.05511207114 
9.16 0.979454538477 -0.0331168673242 1.05511305119 
9.18 0.979454926336 -0.0331172531312 1.05511401164 
9.2 0.979455306438 -0.0331176312221 1.05511495288 
9.22 0.979455678938 -0.0331180017512 1.05511587529 
9.24 0.979456043988 -0.0331183648697 1.05511677926 
9.26 0.979456401737 -0.0331187207258 1.05511766515 
9.28 0.979456752331 -0.0331190694648 1.05511853332 
9.3 0.979457095913 -0.033119411229 1.05511938413 
9.32 0.979457432624 -0.0331197461579 1.05512021792 
9.34 0.9794577626 -0.0331200743882 1.05512103503 
9.36 0.979458085977 -0.033120396054 1.0551218358 
9.38 0.979458402886 -0.0331207112864 1.05512262056 
9.4 0.979458713457 -0.0331210202142 1.05512338962 
9.42 0.979459017817 -0.0331213229634 1.0551241433 
9.44 0.979459316089 -0.0331216196576 1.05512488191 
9.46 0.979459608397 -0.0331219104179 1.05512560575 
9.48 0.979459894857 -0.0331221953631 1.0551263151 
9.5 0.979460175589 -0.0331224746093 1.05512701028 
9.52 0.979460450706 -0.0331227482706 1.05512769154 
9.54 0.979460720321 -0.0331230164587 1.05512835919 
9.56 0.979460984543 -0.033123279283 1.05512901348 
9.58 0.979461243481 -0.0331235368509 1.05512965468 
9.6 0.979461497241 -0.0331237892673 1.05513028306 
9.62 0.979461745925 -0.0331240366355 1.05513089887 
9.64 0.979461989635 -0.0331242790563 1.05513150237 
9.66 0.979462228471 -0.0331245166286 1.05513209379 
9.68 0.979462462531 -0.0331247494495 1.05513267339 
9.7 0.979462691909 -0.033124977614 1.0551332414 
9.72 0.9794629167 -0.0331252012152 1.05513379804 
9.74 0.979463136995 -0.0331254203444 1.05513434355 
9.76 0.979463352884 -0.033125635091 1.05513487816 
9.78 0.979463564455 -0.0331258455427 1.05513540207 
9.8 0.979463771795 -0.0331260517853 1.0551359155 
9.82 0.979463974988 -0.0331262539031 1.05513641866 
9.84 0.979464174117 -0.0331264519785 1.05513691176 
9.86 0.979464369264 -0.0331266460925 1.055137395 
